-5.000000000000000104e-03 -6.243073223181849762e-01
-4.989989989989990389e-03 -6.082566419851009876e-01
-4.979979979979979807e-03 -5.919578343933066256e-01
-4.969969969969970092e-03 -5.754175604636461161e-01
-4.959959959959960377e-03 -5.586425795773386493e-01
-4.949949949949949794e-03 -5.416397468129565684e-01
-4.939939939939940079e-03 -5.244160101444025335e-01
-4.929929929929930364e-03 -5.069784076010013241e-01
-4.919919919919919782e-03 -4.893340643908795640e-01
-4.909909909909910067e-03 -4.714901899888351289e-01
-4.899899899899900352e-03 -4.534540751898267219e-01
-4.889889889889889769e-03 -4.352330891293545445e-01
-4.879879879879880054e-03 -4.168346762719226106e-01
-4.869869869869870339e-03 -3.982663533687829660e-01
-4.859859859859859757e-03 -3.795357063862739855e-01
-4.849849849849850042e-03 -3.606503874059457382e-01
-4.839839839839840327e-03 -3.416181114977765998e-01
-4.829829829829829745e-03 -3.224466535677384393e-01
-4.819819819819820030e-03 -3.031438451810257728e-01
-4.809809809809810315e-03 -2.837175713622169249e-01
-4.799799799799799732e-03 -2.641757673736878642e-01
-4.789789789789790017e-03 -2.445264154736239981e-01
-4.779779779779780302e-03 -2.247775416548870864e-01
-4.769769769769769720e-03 -2.049372123661561684e-01
-4.759759759759760005e-03 -1.850135312166144574e-01
-4.749749749749749422e-03 -1.650146356655556035e-01
-4.739739739739739707e-03 -1.449486936982888885e-01
-4.729729729729729992e-03 -1.248239004896319337e-01
-4.719719719719720277e-03 -1.046484750564459915e-01
-4.709709709709709695e-03 -8.443065690049803007e-02
-4.699699699699699980e-03 -6.417870264308872530e-02
-4.689689689689689397e-03 -4.390088265277412166e-02
-4.679679679679679682e-03 -2.360547766758780419e-02
-4.669669669669669967e-03 -3.300775413136179930e-03
-4.659659659659659385e-03 1.700493278206159295e-02
-4.649649649649649670e-03 3.730335537256574546e-02
-4.639639639639639955e-03 5.758620398202726753e-02
-4.629629629629629373e-03 7.784519678775750351e-02
-4.619619619619619658e-03 9.807206190250614131e-02
-4.609609609609609943e-03 1.182585407520987952e-01
-4.599599599599599360e-03 1.383963914474769519e-01
-4.589589589589589645e-03 1.584773921498326965e-01
-4.579579579579579930e-03 1.784933444274217351e-01
-4.569569569569569348e-03 1.984360766027054856e-01
-4.559559559559559633e-03 2.182974470884251617e-01
-4.549549549549549918e-03 2.380693477112786061e-01
-4.539539539539539335e-03 2.577437070218256965e-01
-4.529529529529529620e-03 2.773124935892421483e-01
-4.519519519519519905e-03 2.967677192796427388e-01
-4.509509509509509323e-03 3.161014425165581954e-01
-4.499499499499499608e-03 3.353057715222678148e-01
-4.489489489489489893e-03 3.543728675386926263e-01
-4.479479479479479311e-03 3.732949480264612929e-01
-4.469469469469469596e-03 3.920642898409080757e-01
-4.459459459459459880e-03 4.106732323836650433e-01
-4.449449449449449298e-03 4.291141807285835941e-01
-4.439439439439439583e-03 4.473796087206795002e-01
-4.429429429429429868e-03 4.654620620468670200e-01
-4.419419419419419286e-03 4.833541612772123131e-01
-4.409409409409409571e-03 5.010486048754398958e-01
-4.399399399399399856e-03 5.185381721775224051e-01
-4.389389389389389273e-03 5.358157263370586509e-01
-4.379379379379379558e-03 5.528742172362995921e-01
-4.369369369369369843e-03 5.697066843616050980e-01
-4.359359359359359261e-03 5.863062596421463324e-01
-4.349349349349349546e-03 6.026661702507210006e-01
-4.339339339339339831e-03 6.187797413655137246e-01
-4.329329329329329248e-03 6.346403988916891059e-01
-4.319319319319319533e-03 6.502416721416779399e-01
-4.309309309309309818e-03 6.655771964731103107e-01
-4.299299299299299236e-03 6.806407158832634696e-01
-4.289289289289289521e-03 6.954260855589878831e-01
-4.279279279279278939e-03 7.099272743810963737e-01
-4.269269269269269224e-03 7.241383673821263356e-01
-4.259259259259259509e-03 7.380535681565509876e-01
-4.249249249249249794e-03 7.516672012223861721e-01
-4.239239239239239211e-03 7.649737143332647760e-01
-4.229229229229229496e-03 7.779676807400297545e-01
-4.219219219219218914e-03 7.906438014009128379e-01
-4.209209209209209199e-03 8.029969071394020830e-01
-4.199199199199199484e-03 8.150219607489134210e-01
-4.189189189189189769e-03 8.267140590434128855e-01
-4.179179179179179186e-03 8.380684348531427519e-01
-4.169169169169169471e-03 8.490804589646355760e-01
-4.159159159159158889e-03 8.597456420042498548e-01
-4.149149149149149174e-03 8.700596362644077431e-01
-4.139139139139139459e-03 8.800182374718488187e-01
-4.129129129129128876e-03 8.896173864971239631e-01
-4.119119119119119161e-03 8.988531710046685497e-01
-4.109109109109109446e-03 9.077218270427683811e-01
-4.099099099099098864e-03 9.162197405727604549e-01
-4.089089089089089149e-03 9.243434489368634877e-01
-4.079079079079079434e-03 9.320896422640230217e-01
-4.069069069069068852e-03 9.394551648132096755e-01
-4.059059059059059137e-03 9.464370162536089870e-01
-4.049049049049049422e-03 9.530323528811965872e-01
-4.039039039039038839e-03 9.592384887711944419e-01
-4.029029029029029124e-03 9.650528968659313200e-01
-4.019019019019019409e-03 9.704732099976862703e-01
-4.009009009009008827e-03 9.754972218460715716e-01
-3.998998998998999112e-03 9.801228878295872304e-01
-3.988988988988989397e-03 9.843483259309743216e-01
-3.978978978978978814e-03 9.881718174560306656e-01
-3.968968968968969099e-03 9.915918077255879703e-01
-3.958958958958959384e-03 9.946069067003624475e-01
-3.948948948948948802e-03 9.972158895384307664e-01
-3.938938938938939087e-03 9.994176970851010866e-01
-3.928928928928929372e-03 1.001211436294987323e+00
-3.918918918918918790e-03 1.002596380586112002e+00
-3.908908908908909074e-03 1.003571970125895829e+00
-3.898898898898898926e-03 1.004137812048925049e+00
-3.888888888888888777e-03 1.004293680606403560e+00
-3.878878878878879062e-03 1.004039517247236057e+00
-3.868868868868868913e-03 1.003375430630712328e+00
-3.858858858858858765e-03 1.002301696570789158e+00
-3.848848848848849050e-03 1.000818757911997148e+00
-3.838838838838838901e-03 9.989272243370271864e-01
-3.828828828828828752e-03 9.966278721060778389e-01
-3.818818818818819037e-03 9.939216437280766758e-01
-3.808808808808808889e-03 9.908096475639105449e-01
-3.798798798798798740e-03 9.872931573618354273e-01
-3.788788788788789025e-03 9.833736117252563913e-01
-3.778778778778778876e-03 9.790526135131031316e-01
-3.768768768768768727e-03 9.743319291730495602e-01
-3.758758758758759012e-03 9.692134880078556725e-01
-3.748748748748748864e-03 9.636993813751351112e-01
-3.738738738738738715e-03 9.577918618208850488e-01
-3.728728728728729000e-03 9.514933421471339914e-01
-3.718718718718718851e-03 9.448063944140966397e-01
-3.708708708708708703e-03 9.377337488772511387e-01
-3.698698698698698988e-03 9.302782928597752576e-01
-3.688688688688688839e-03 9.224430695608152320e-01
-3.678678678678678690e-03 9.142312768000759871e-01
-3.668668668668668975e-03 9.056462656992553262e-01
-3.658658658658658826e-03 8.966915393008666468e-01
-3.648648648648648678e-03 8.873707511250282787e-01
-3.638638638638638963e-03 8.776877036648064179e-01
-3.628628628628628814e-03 8.676463468207460394e-01
-3.618618618618618665e-03 8.572507762752324956e-01
-3.608608608608608950e-03 8.465052318073570392e-01
-3.598598598598598802e-03 8.354140955489816056e-01
-3.588588588588588653e-03 8.239818901827363762e-01
-3.578578578578578938e-03 8.122132770826788750e-01
-3.568568568568568789e-03 8.001130543983998589e-01
-3.558558558558558640e-03 7.876861550833614833e-01
-3.548548548548548925e-03 7.749376448682850915e-01
-3.538538538538538777e-03 7.618727201804281757e-01
-3.528528528528528628e-03 7.484967060096145985e-01
-3.518518518518518913e-03 7.348150537219001466e-01
-3.508508508508508331e-03 7.208333388217703641e-01
-3.498498498498498616e-03 7.065572586638241281e-01
-3.488488488488488901e-03 6.919926301148489056e-01
-3.478478478478478318e-03 6.771453871672968861e-01
-3.468468468468468603e-03 6.620215785051317692e-01
-3.458458458458458888e-03 6.466273650230455194e-01
-3.448448448448448306e-03 6.309690173000933600e-01
-3.438438438438438591e-03 6.150529130287896162e-01
-3.428428428428428876e-03 5.988855344007087966e-01
-3.418418418418418293e-03 5.824734654497047970e-01
-3.408408408408408578e-03 5.658233893538384685e-01
-3.398398398398398430e-03 5.489420856971160001e-01
-3.388388388388388281e-03 5.318364276922056266e-01
-3.378378378378378566e-03 5.145133793652543197e-01
-3.368368368368368417e-03 4.969799927039911802e-01
-3.358358358358358269e-03 4.792434047702962552e-01
-3.348348348348348553e-03 4.613108347784261043e-01
-3.338338338338338405e-03 4.431895811401145857e-01
-3.328328328328328256e-03 4.248870184777824854e-01
-3.318318318318318541e-03 4.064105946070767916e-01
-3.308308308308308392e-03 3.877678274900130950e-01
-3.298298298298298244e-03 3.689663021599758896e-01
-3.288288288288288529e-03 3.500136676198538077e-01
-3.278278278278278380e-03 3.309176337145992020e-01
-3.268268268268268231e-03 3.116859679795218607e-01
-3.258258258258258516e-03 2.923264924656072683e-01
-3.248248248248248368e-03 2.728470805431978952e-01
-3.238238238238238219e-03 2.532556536853595164e-01
-3.228228228228228504e-03 2.335601782322663522e-01
-3.218218218218218355e-03 2.137686621379543406e-01
-3.208208208208208206e-03 1.938891517008050625e-01
-3.198198198198198491e-03 1.739297282791064103e-01
-3.188188188188188343e-03 1.538985049930597093e-01
-3.178178178178178194e-03 1.338036234146285086e-01
-3.168168168168168479e-03 1.136532502465735645e-01
-3.158158158158158330e-03 9.345557399207989058e-02
-3.148148148148148182e-03 7.321880161636551421e-02
-3.138138138138138467e-03 5.295115520165054324e-02
-3.128128128128128318e-03 3.266086859688307337e-02
-3.118118118118118169e-03 1.235618406364153397e-02
-3.108108108108108454e-03 -7.954651080421393586e-03
-3.098098098098098305e-03 -2.826338781917074952e-02
-3.088088088088088157e-03 -4.856177879521292318e-02
-3.078078078078078442e-03 -6.884158166536401280e-02
-3.068068068068068293e-03 -8.909456245295227506e-02
-3.058058058058058144e-03 -1.093124988955513910e-01
-3.048048048048048429e-03 -1.294871837867475339e-01
-3.038038038038038281e-03 -1.496104283105531840e-01
-3.028028028028028132e-03 -1.696740653670512911e-01
-3.018018018018017983e-03 -1.896699528879006447e-01
-3.008008008008008268e-03 -2.095899771402992551e-01
-2.997997997997998119e-03 -2.294260560180374497e-01
-2.987987987987987971e-03 -2.491701423182357822e-01
-2.977977977977978256e-03 -2.688142270024289626e-01
-2.967967967967968107e-03 -2.883503424406078097e-01
-2.957957957957957958e-03 -3.077705656368563969e-01
-2.947947947947948243e-03 -3.270670214352457972e-01
-2.937937937937938095e-03 -3.462318857046365328e-01
-2.927927927927927946e-03 -3.652573885010320098e-01
-2.917917917917918231e-03 -3.841358172061881127e-01
-2.907907907907908082e-03 -4.028595196411395851e-01
-2.897897897897897933e-03 -4.214209071533330242e-01
-2.887887887887888218e-03 -4.398124576760824023e-01
-2.877877877877878070e-03 -4.580267187590520428e-01
-2.867867867867867921e-03 -4.760563105684904039e-01
-2.857857857857858206e-03 -4.938939288559535679e-01
-2.847847847847848057e-03 -5.115323478942780389e-01
-2.837837837837837909e-03 -5.289644233795458561e-01
-2.827827827827828194e-03 -5.461830952978395937e-01
-2.817817817817818045e-03 -5.631813907555685006e-01
-2.807807807807807896e-03 -5.799524267721715143e-01
-2.797797797797797748e-03 -5.964894130340205880e-01
-2.787787787787788032e-03 -6.127856546083640943e-01
-2.777777777777777884e-03 -6.288345546161654420e-01
-2.767767767767767735e-03 -6.446296168626957090e-01
-2.757757757757758020e-03 -6.601644484247857214e-01
-2.747747747747747871e-03 -6.754327621936327963e-01
-2.737737737737737723e-03 -6.904283793720876750e-01
-2.727727727727728008e-03 -7.051452319253646017e-01
-2.717717717717717859e-03 -7.195773649841449293e-01
-2.707707707707707710e-03 -7.337189391990405207e-01
-2.697697697697697995e-03 -7.475642330454368434e-01
-2.687687687687687847e-03 -7.611076450777256586e-01
-2.677677677677677698e-03 -7.743436961319776213e-01
-2.667667667667667983e-03 -7.872670314761152088e-01
-2.657657657657657834e-03 -7.998724229066839220e-01
-2.647647647647647685e-03 -8.121547707913144842e-01
-2.637637637637637970e-03 -8.241091060560251647e-01
-2.627627627627627822e-03 -8.357305921165106843e-01
-2.617617617617617673e-03 -8.470145267525959198e-01
-2.607607607607607958e-03 -8.579563439250605938e-01
-2.597597597597597809e-03 -8.685516155340645694e-01
-2.587587587587587661e-03 -8.787960531184152435e-01
-2.577577577577577946e-03 -8.886855094949658307e-01
-2.567567567567567797e-03 -8.982159803374401008e-01
-2.557557557557557648e-03 -9.073836056940070005e-01
-2.547547547547547499e-03 -9.161846714429702221e-01
-2.537537537537537784e-03 -9.246156106859401147e-01
-2.527527527527527636e-03 -9.326730050779038494e-01
-2.517517517517517487e-03 -9.403535860936192980e-01
-2.507507507507507772e-03 -9.476542362297989408e-01
-2.497497497497497623e-03 -9.545719901425699927e-01
-2.487487487487487475e-03 -9.611040357197216943e-01
-2.477477477477477760e-03 -9.672477150872896834e-01
-2.467467467467467611e-03 -9.730005255500456807e-01
-2.457457457457457462e-03 -9.783601204654912564e-01
-2.447447447447447747e-03 -9.833243100509858614e-01
-2.437437437437437598e-03 -9.878910621236696166e-01
-2.427427427427427450e-03 -9.920585027728568983e-01
-2.417417417417417735e-03 -9.958249169646314902e-01
-2.407407407407407586e-03 -9.991887490783735171e-01
-2.397397397397397437e-03 -1.002148603375002223e+00
-2.387387387387387722e-03 -1.004703244396735196e+00
-2.377377377377377574e-03 -1.006851597298200618e+00
-2.367367367367367425e-03 -1.008592748108760651e+00
-2.357357357357357710e-03 -1.009925943925947589e+00
-2.347347347347347561e-03 -1.010850593039933853e+00
-2.337337337337337412e-03 -1.011366264988986963e+00
-2.327327327327327697e-03 -1.011472690545901054e+00
-2.317317317317317549e-03 -1.011169761635415165e+00
-2.307307307307307400e-03 -1.010457531182667790e+00
-2.297297297297297251e-03 -1.009336212892759210e+00
-2.287287287287287536e-03 -1.007806180961535070e+00
-2.277277277277277388e-03 -1.005867969717722854e+00
-2.267267267267267239e-03 -1.003522273196592929e+00
-2.257257257257257524e-03 -1.000769944645341081e+00
-2.247247247247247375e-03 -9.976119959604228260e-01
-2.237237237237237227e-03 -9.940495970570983886e-01
-2.227227227227227511e-03 -9.900840751714793386e-01
-2.217217217217217363e-03 -9.857169140953954134e-01
-2.207207207207207214e-03 -9.809497533444372364e-01
-2.197197197197197499e-03 -9.757843872595497459e-01
-2.187187187187187350e-03 -9.702227640425924449e-01
-2.177177177177177202e-03 -9.642669847263064531e-01
-2.167167167167167487e-03 -9.579193020791588742e-01
-2.157157157157157338e-03 -9.511821194455658546e-01
-2.147147147147147189e-03 -9.440579895220274631e-01
-2.137137137137137474e-03 -9.365496130697306132e-01
-2.127127127127127326e-03 -9.286598375642096670e-01
-2.117117117117117177e-03 -9.203916557826899991e-01
-2.107107107107107462e-03 -9.117482043297531202e-01
-2.097097097097097313e-03 -9.027327621020010406e-01
-2.087087087087087164e-03 -8.933487486924345244e-01
-2.077077077077077449e-03 -8.835997227352623273e-01
-2.067067067067067301e-03 -8.734893801919122458e-01
-2.057057057057057152e-03 -8.630215525790325692e-01
-2.047047047047047003e-03 -8.522002051392940647e-01
-2.037037037037037288e-03 -8.410294349558379290e-01
-2.027027027027027140e-03 -8.295134690112420106e-01
-2.017017017017016991e-03 -8.176566621918991418e-01
-2.007007007007007276e-03 -8.054634952387275115e-01
-1.996996996996997127e-03 -7.929385726451627647e-01
-1.986986986986986978e-03 -7.800866205034099332e-01
-1.976976976976977263e-03 -7.669124842999430758e-01
-1.966966966966967115e-03 -7.534211266612872437e-01
-1.956956956956956966e-03 -7.396176250511210526e-01
-1.946946946946947251e-03 -7.255071694197763321e-01
-1.936936936936937102e-03 -7.110950598072239837e-01
-1.926926926926926954e-03 -6.963867039006713666e-01
-1.916916916916917239e-03 -6.813876145479043078e-01
-1.906906906906907090e-03 -6.661034072275344720e-01
-1.896896896896896941e-03 -6.505397974773455827e-01
-1.886886886886887226e-03 -6.347025982819310963e-01
-1.876876876876877077e-03 -6.185977174208528995e-01
-1.866866866866866929e-03 -6.022311547785725860e-01
-1.856856856856857214e-03 -5.856089996174067558e-01
-1.846846846846847065e-03 -5.687374278148004114e-01
-1.836836836836836916e-03 -5.516226990662203011e-01
-1.826826826826827201e-03 -5.342711540549778260e-01
-1.816816816816817053e-03 -5.166892115903294336e-01
-1.806806806806806904e-03 -4.988833657152073608e-01
-1.796796796796796755e-03 -4.808601827849391941e-01
-1.786786786786787040e-03 -4.626262985183592913e-01
-1.776776776776776891e-03 -4.441884150226931283e-01
-1.766766766766766743e-03 -4.255532977936470895e-01
-1.756756756756757028e-03 -4.067277726921189607e-01
-1.746746746746746879e-03 -3.877187228989704693e-01
-1.736736736736736730e-03 -3.685330858493256478e-01
-1.726726726726727015e-03 -3.491778501478488561e-01
-1.716716716716716867e-03 -3.296600524664770604e-01
-1.706706706706706718e-03 -3.099867744261068370e-01
-1.696696696696697003e-03 -2.901651394637110304e-01
-1.686686686686686854e-03 -2.702023096864024088e-01
-1.676676676676676706e-03 -2.501054827139582715e-01
-1.666666666666666990e-03 -2.298818885113109167e-01
-1.656656656656656842e-03 -2.095387862125439316e-01
-1.646646646646646693e-03 -1.890834609379244968e-01
-1.636636636636636978e-03 -1.685232206054978477e-01
-1.626626626626626829e-03 -1.478653927387960920e-01
-1.616616616616616681e-03 -1.271173212722067070e-01
-1.606606606606606966e-03 -1.062863633555356929e-01
-1.596596596596596817e-03 -8.537988615932737280e-02
-1.586586586586586668e-03 -6.440526368249102629e-02
-1.576576576576576953e-03 -4.336987356377351027e-02
-1.566566566566566805e-03 -2.228109389864045900e-02
-1.556556556556556656e-03 -1.146300063115291692e-03
-1.546546546546546941e-03 2.002713845388601546e-02
-1.536536536536536792e-03 4.123186120817718542e-02
-1.526526526526526643e-03 6.246051994632419169e-02
-1.516516516516516495e-03 8.370578173855838799e-02
-1.506506506506506780e-03 1.049603320970301790e-01
-1.496496496496496631e-03 1.262168780778853416e-01
-1.486486486486486482e-03 1.474681513656399823e-01
-1.476476476476476767e-03 1.687069113383569963e-01
-1.466466466466466619e-03 1.899259481121112758e-01
-1.456456456456456470e-03 2.111180855632508457e-01
-1.446446446446446755e-03 2.322761843269858795e-01
-1.436436436436436606e-03 2.533931447708223095e-01
-1.426426426426426457e-03 2.744619099413827534e-01
-1.416416416416416742e-03 2.954754684831809586e-01
-1.406406406406406594e-03 3.164268575279065021e-01
-1.396396396396396445e-03 3.373091655528034916e-01
-1.386386386386386730e-03 3.581155352067502684e-01
-1.376376376376376581e-03 3.788391661026522805e-01
-1.366366366366366433e-03 3.994733175747648413e-01
-1.356356356356356718e-03 4.200113113996201686e-01
-1.346346346346346569e-03 4.404465344792146131e-01
-1.336336336336336420e-03 4.607724414851319117e-01
-1.326326326326326705e-03 4.809825574623360356e-01
-1.316316316316316556e-03 5.010704803913488270e-01
-1.306306306306306408e-03 5.210298837075537648e-01
-1.296296296296296693e-03 5.408545187764232098e-01
-1.286286286286286544e-03 5.605382173234543242e-01
-1.276276276276276395e-03 5.800748938176236713e-01
-1.266266266266266247e-03 5.994585478072333995e-01
-1.256256256256256532e-03 6.186832662070020916e-01
-1.246246246246246383e-03 6.377432255353068236e-01
-1.236236236236236234e-03 6.566326941004965168e-01
-1.226226226226226519e-03 6.753460341352437446e-01
-1.216216216216216370e-03 6.938777038779100348e-01
-1.206206206206206222e-03 7.122222595999289085e-01
-1.196196196196196507e-03 7.303743575782682962e-01
-1.186186186186186358e-03 7.483287560120364112e-01
-1.176176176176176209e-03 7.660803168823245857e-01
-1.166166166166166494e-03 7.836240077544456284e-01
-1.156156156156156346e-03 8.009549035217269353e-01
-1.146146146146146197e-03 8.180681880900491088e-01
-1.136136136136136482e-03 8.349591560023903458e-01
-1.126126126126126333e-03 8.516232140026349651e-01
-1.116116116116116184e-03 8.680558825379418586e-01
-1.106106106106106469e-03 8.842527971990370439e-01
-1.096096096096096321e-03 9.002097100977927147e-01
-1.086086086086086172e-03 9.159224911815062597e-01
-1.076076076076076457e-03 9.313871294833357961e-01
-1.066066066066065875e-03 9.465997343083834004e-01
-1.056056056056056160e-03 9.615565363549358757e-01
-1.046046046046046445e-03 9.762538887704521606e-01
-1.036036036036035862e-03 9.906882681418758274e-01
-1.026026026026026147e-03 1.004856275419926170e+00
-1.016016016016016432e-03 1.018754636777055689e+00
-1.006006006006005850e-03 1.032380204398777312e+00
-9.959959959959961348e-04 1.045729957208131111e+00
-9.859859859859864198e-04 1.058801001523097751e+00
-9.759759759759758374e-04 1.071590571646784840e+00
-9.659659659659661224e-04 1.084096030390272025e+00
-9.559559559559564074e-04 1.096314869528048019e+00
-9.459459459459458250e-04 1.108244710185984250e+00
-9.359359359359361100e-04 1.119883303161854027e+00
-9.259259259259263949e-04 1.131228529178456066e+00
-9.159159159159158126e-04 1.142278399069402095e+00
-9.059059059059060975e-04 1.153031053897711322e+00
-8.958958958958963825e-04 1.163484765007382293e+00
-8.858858858858858001e-04 1.173637934008133321e+00
-8.758758758758760851e-04 1.183489092693573275e+00
-8.658658658658663701e-04 1.193036902893092943e+00
-8.558558558558557877e-04 1.202280156257800048e+00
-8.458458458458460727e-04 1.211217773980868051e+00
-8.358358358358363577e-04 1.219848806452723311e+00
-8.258258258258257753e-04 1.228172432851503348e+00
-8.158158158158160603e-04 1.236187960669285602e+00
-8.058058058058063453e-04 1.243894825174623353e+00
-7.957957957957957629e-04 1.251292588811943940e+00
-7.857857857857860479e-04 1.258380940538424975e+00
-7.757757757757763328e-04 1.265159695099000059e+00
-7.657657657657657505e-04 1.271628792240166561e+00
-7.557557557557560354e-04 1.277788295863323098e+00
-7.457457457457463204e-04 1.283638393118401222e+00
-7.357357357357357380e-04 1.289179393438575794e+00
-7.257257257257260230e-04 1.294411727516888932e+00
-7.157157157157163080e-04 1.299335946225661731e+00
-7.057057057057057256e-04 1.303952719479583244e+00
-6.956956956956960106e-04 1.308262835043417338e+00
-6.856856856856862956e-04 1.312267197285299503e+00
-6.756756756756757132e-04 1.315966825876619062e+00
-6.656656656656659982e-04 1.319362854439523280e+00
-6.556556556556562831e-04 1.322456529143108073e+00
-6.456456456456457008e-04 1.325249207249389771e+00
-6.356356356356359857e-04 1.327742355610181946e+00
-6.256256256256254034e-04 1.329937549116033235e+00
-6.156156156156156883e-04 1.331836469098402143e+00
-6.056056056056059733e-04 1.333440901686288038e+00
-5.955955955955953909e-04 1.334752736118536731e+00
-5.855855855855856759e-04 1.335773963013097143e+00
-5.755755755755759609e-04 1.336506672594499401e+00
-5.655655655655653785e-04 1.336953052880870629e+00
-5.555555555555556635e-04 1.337115387831812274e+00
-5.455455455455459485e-04 1.336996055458490096e+00
-5.355355355355353661e-04 1.336597525897312400e+00
-5.255255255255256511e-04 1.335922359448575847e+00
-5.155155155155159361e-04 1.334973204581496820e+00
-5.055055055055053537e-04 1.333752795907045652e+00
-4.954954954954956386e-04 1.332263952120027684e+00
-4.854854854854859236e-04 1.330509573911861310e+00
-4.754754754754753412e-04 1.328492641855526291e+00
-4.654654654654656262e-04 1.326216214264158255e+00
-4.554554554554559112e-04 1.323683425024783311e+00
-4.454454454454453288e-04 1.320897481408691121e+00
-4.354354354354356138e-04 1.317861661859960121e+00
-4.254254254254258988e-04 1.314579313763647894e+00
-4.154154154154153164e-04 1.311053851195174147e+00
-4.054054054054056014e-04 1.307288752652425279e+00
-3.953953953953958864e-04 1.303287558772104449e+00
-3.853853853853853040e-04 1.299053870031877223e+00
-3.753753753753755890e-04 1.294591344439836700e+00
-3.653653653653658739e-04 1.289903695212828660e+00
-3.553553553553552916e-04 1.284994688445176392e+00
-3.453453453453455765e-04 1.279868140769333085e+00
-3.353353353353358615e-04 1.274527917009994793e+00
-3.253253253253252791e-04 1.268977927833196961e+00
-3.153153153153155641e-04 1.263222127391917748e+00
-3.053053053053058491e-04 1.257264510969695159e+00
-2.952952952952952667e-04 1.251109112623764785e+00
-2.852852852852855517e-04 1.244760002829215173e+00
-2.752752752752758367e-04 1.238221286125636533e+00
-2.652652652652652543e-04 1.231497098767741161e+00
-2.552552552552555393e-04 1.224591606381417730e+00
-2.452452452452458243e-04 1.217509001626650100e+00
-2.352352352352352419e-04 1.210253501868746584e+00
-2.252252252252255268e-04 1.202829346859283888e+00
-2.152152152152158118e-04 1.195240796428160168e+00
-2.052052052052052294e-04 1.187492128188142981e+00
-1.951951951951955144e-04 1.179587635253260158e+00
-1.851851851851857994e-04 1.171531623972376090e+00
-1.751751751751752170e-04 1.163328411679271257e+00
-1.651651651651655020e-04 1.154982324460513965e+00
-1.551551551551557870e-04 1.146497694942394840e+00
-1.451451451451452046e-04 1.137878860098172185e+00
-1.351351351351354896e-04 1.129130159076850104e+00
-1.251251251251249072e-04 1.120255931054672249e+00
-1.151151151151151922e-04 1.111260513110521764e+00
-1.051051051051054772e-04 1.102148238126332780e+00
-9.509509509509489478e-05 1.092923432713663656e+00
-8.508508508508517976e-05 1.083590415167485110e+00
-7.507507507507546474e-05 1.074153493448241958e+00
-6.506506506506488235e-05 1.064616963193222077e+00
-5.505505505505516733e-05 1.054985105758206476e+00
-4.504504504504545231e-05 1.045262186290365714e+00
-3.503503503503486993e-05 1.035452451833333676e+00
-2.502502502502515491e-05 1.025560129465344250e+00
-1.501501501501543989e-05 1.015589424471284641e+00
-5.005005005004857510e-06 1.005544518549514432e+00
5.005005005004857510e-06 9.954295680542393221e-01
1.501501501501457253e-05 9.852487022740487044e-01
2.502502502502515491e-05 9.750060217477802826e-01
3.503503503503486993e-05 9.647055966177252584e-01
4.504504504504458495e-05 9.543514650214269812e-01
5.505505505505516733e-05 9.439476315223672698e-01
6.506506506506488235e-05 9.334980655802130878e-01
7.507507507507459737e-05 9.230067000611545946e-01
8.508508508508517976e-05 9.124774297888261776e-01
9.509509509509489478e-05 9.019141101363118418e-01
1.051051051051046098e-04 8.913205556596259793e-01
1.151151151151151922e-04 8.807005387730937329e-01
1.251251251251249072e-04 8.700577884669925544e-01
1.351351351351346222e-04 8.593959890677485003e-01
1.451451451451452046e-04 8.487187790410047894e-01
1.551551551551549196e-04 8.380297498378000975e-01
1.651651651651646346e-04 8.273324447840635365e-01
1.751751751751752170e-04 8.166303580136177187e-01
1.851851851851849320e-04 8.059269334448255773e-01
1.951951951951946471e-04 7.952255638009817496e-01
2.052052052052052294e-04 7.845295896745340114e-01
2.152152152152149445e-04 7.738422986351645161e-01
2.252252252252246595e-04 7.631669243817242876e-01
2.352352352352352419e-04 7.525066459380100881e-01
2.452452452452449569e-04 7.418645868923045006e-01
2.552552552552546719e-04 7.312438146805774197e-01
2.652652652652652543e-04 7.206473399132342639e-01
2.752752752752749693e-04 7.100781157452377146e-01
2.852852852852846843e-04 6.995390372894038089e-01
2.952952952952952667e-04 6.890329410726615533e-01
3.053053053053049817e-04 6.785626045350111601e-01
3.153153153153146968e-04 6.681307455708916931e-01
3.253253253253252791e-04 6.577400221126559199e-01
3.353353353353349942e-04 6.473930317558022063e-01
3.453453453453447092e-04 6.370923114255868658e-01
3.553553553553552916e-04 6.268403370846320488e-01
3.653653653653650066e-04 6.166395234811016257e-01
3.753753753753747216e-04 6.064922239369809898e-01
3.853853853853853040e-04 5.964007301760100299e-01
3.953953953953950190e-04 5.863672721907555729e-01
4.054054054054056014e-04 5.763940181482998248e-01
4.154154154154153164e-04 5.664830743340144581e-01
4.254254254254250314e-04 5.566364851328367003e-01
4.354354354354356138e-04 5.468562330474761035e-01
4.454454454454453288e-04 5.371442387529414830e-01
4.554554554554550438e-04 5.275023611867492024e-01
4.654654654654656262e-04 5.179323976741904145e-01
4.754754754754753412e-04 5.084360840879843524e-01
4.854854854854850563e-04 4.990150950416317177e-01
4.954954954954956386e-04 4.896710441157929861e-01
5.055055055055053537e-04 4.804054841169713153e-01
5.155155155155150687e-04 4.712199073677759698e-01
5.255255255255256511e-04 4.621157460280388429e-01
5.355355355355353661e-04 4.530943724460352873e-01
5.455455455455450811e-04 4.441570995390399790e-01
5.555555555555556635e-04 4.353051812024635869e-01
5.655655655655653785e-04 4.265398127467837641e-01
5.755755755755750935e-04 4.178621313614792054e-01
5.855855855855856759e-04 4.092732166051791243e-01
5.955955955955953909e-04 4.007740909212263447e-01
6.056056056056051060e-04 3.923657201778331660e-01
6.156156156156156883e-04 3.840490142320325262e-01
6.256256256256254034e-04 3.758248275165998464e-01
6.356356356356351184e-04 3.676939596491152762e-01
6.456456456456457008e-04 3.596571560623578190e-01
6.556556556556554158e-04 3.517151086551958961e-01
6.656656656656651308e-04 3.438684564631408480e-01
6.756756756756757132e-04 3.361177863477493588e-01
6.856856856856854282e-04 3.284636337040379717e-01
6.956956956956951432e-04 3.209064831850794164e-01
7.057057057057057256e-04 3.134467694429663442e-01
7.157157157157154406e-04 3.060848778853143548e-01
7.257257257257251556e-04 2.988211454464787531e-01
7.357357357357357380e-04 2.916558613726831228e-01
7.457457457457454530e-04 2.845892680202399272e-01
7.557557557557551681e-04 2.776215616660556162e-01
7.657657657657657505e-04 2.707528933296283746e-01
7.757757757757754655e-04 2.639833696057420909e-01
7.857857857857851805e-04 2.573130535070639602e-01
7.957957957957957629e-04 2.507419653158778350e-01
8.058058058058054779e-04 2.442700834441774993e-01
8.158158158158151929e-04 2.378973453013544515e-01
8.258258258258257753e-04 2.316236481687357074e-01
8.358358358358354903e-04 2.254488500802260820e-01
8.458458458458452053e-04 2.193727707083168166e-01
8.558558558558557877e-04 2.133951922547477897e-01
8.658658658658655027e-04 2.075158603451096873e-01
8.758758758758752178e-04 2.017344849266803630e-01
8.858858858858858001e-04 1.960507411688194035e-01
8.958958958958955152e-04 1.904642703652401070e-01
9.059059059059060975e-04 1.849746808374921614e-01
9.159159159159158126e-04 1.795815488390185011e-01
9.259259259259255276e-04 1.742844194591356977e-01
9.359359359359361100e-04 1.690828075263269559e-01
9.459459459459458250e-04 1.639761985102357045e-01
9.559559559559555400e-04 1.589640494217599842e-01
9.659659659659661224e-04 1.540457897106774776e-01
9.759759759759758374e-04 1.492208221602300822e-01
9.859859859859855524e-04 1.444885237781141918e-01
9.959959959959961348e-04 1.398482466833493587e-01
1.006006006006005850e-03 1.352993189884993119e-01
1.016016016016015565e-03 1.308410456767375996e-01
1.026026026026026147e-03 1.264727094732737422e-01
1.036036036036035862e-03 1.221935717106631264e-01
1.046046046046045577e-03 1.180028731875361059e-01
1.056056056056056160e-03 1.138998350203104248e-01
1.066066066066065875e-03 1.098836594874560146e-01
1.076076076076075590e-03 1.059535308658951097e-01
1.086086086086086172e-03 1.021086162591478691e-01
1.096096096096095887e-03 9.834806641683967177e-02
1.106106106106105602e-03 9.467101654520015952e-02
1.116116116116116184e-03 9.107658710821114889e-02
1.126126126126125900e-03 8.756388461906461362e-02
1.136136136136135615e-03 8.413200242161011921e-02
1.146146146146146197e-03 8.078002146149271256e-02
1.156156156156155912e-03 7.750701104668920871e-02
1.166166166166165627e-03 7.431202959716909362e-02
1.176176176176176209e-03 7.119412538342440033e-02
1.186186186186185924e-03 6.815233725362369877e-02
1.196196196196195639e-03 6.518569534915961972e-02
1.206206206206206222e-03 6.229322180837927603e-02
1.216216216216215937e-03 5.947393145829589500e-02
1.226226226226225652e-03 5.672683249409508216e-02
1.236236236236236234e-03 5.405092714626693468e-02
1.246246246246245949e-03 5.144521233520530507e-02
1.256256256256255664e-03 4.890868031312849834e-02
1.266266266266266247e-03 4.644031929319402535e-02
1.276276276276275962e-03 4.403911406568904174e-02
1.286286286286285677e-03 4.170404660118955803e-02
1.296296296296296259e-03 3.943409664060154585e-02
1.306306306306305974e-03 3.722824227200211694e-02
1.316316316316315689e-03 3.508546049421250312e-02
1.326326326326326271e-03 3.300472776705229427e-02
1.336336336336335986e-03 3.098502054822890178e-02
1.346346346346345701e-03 2.902531581682971790e-02
1.356356356356356284e-03 2.712459158340018578e-02
1.366366366366365999e-03 2.528182738659576212e-02
1.376376376376375714e-03 2.349600477640799087e-02
1.386386386386386296e-03 2.176610778397952348e-02
1.396396396396396011e-03 2.009112337802747977e-02
1.406406406406406594e-03 1.847004190790533379e-02
1.416416416416416309e-03 1.690185753334857641e-02
1.426426426426426024e-03 1.538556864094884312e-02
1.436436436436436606e-03 1.392017824742008102e-02
1.446446446446446321e-03 1.250469438972233449e-02
1.456456456456456036e-03 1.113813050211870034e-02
1.466466466466466619e-03 9.819505780251307214e-03
1.476476476476476334e-03 8.547845532327144266e-03
1.486486486486486049e-03 7.322181517512456154e-03
1.496496496496496631e-03 6.141552271643689956e-03
1.506506506506506346e-03 5.005003420367617507e-03
1.516516516516516061e-03 3.911587979829998611e-03
1.526526526526526643e-03 2.860366645040462053e-03
1.536536536536536358e-03 1.850408066045282959e-03
1.546546546546546073e-03 8.807891120455414507e-04
1.556556556556556656e-03 -4.940487639445599930e-05
1.566566566566566371e-03 -9.410798469004052124e-04
1.576576576576576086e-03 -1.795132806449656251e-03
1.586586586586586668e-03 -2.612451603981837209e-03
1.596596596596596383e-03 -3.393914724296182538e-03
1.606606606606606098e-03 -4.140391093069477682e-03
1.616616616616616681e-03 -4.852739892822314355e-03
1.626626626626626396e-03 -5.531810389660354182e-03
1.636636636636636111e-03 -6.178441770613200650e-03
1.646646646646646693e-03 -6.793462991388842659e-03
1.656656656656656408e-03 -7.377692634360857177e-03
1.666666666666666123e-03 -7.931938776602354829e-03
1.676676676676676706e-03 -8.456998867776892304e-03
1.686686686686686421e-03 -8.953659617696249282e-03
1.696696696696696136e-03 -9.422696893352521669e-03
1.706706706706706718e-03 -9.864875625229054673e-03
1.716716716716716433e-03 -1.028094972269491883e-02
1.726726726726726148e-03 -1.067166199828572908e-02
1.736736736736736730e-03 -1.103774410067167797e-02
1.746746746746746445e-03 -1.137991645611405658e-02
1.756756756756756160e-03 -1.169888821821034319e-02
1.766766766766766743e-03 -1.199535722572690408e-02
1.776776776776776458e-03 -1.227000996831872394e-02
1.786786786786786173e-03 -1.252352155993548266e-02
1.796796796796796755e-03 -1.275655571971257528e-02
1.806806806806806470e-03 -1.296976476014653074e-02
1.816816816816816185e-03 -1.316378958235471346e-02
1.826826826826826768e-03 -1.333925967821905124e-02
1.836836836836836483e-03 -1.349679313921476990e-02
1.846846846846846198e-03 -1.363699667172596497e-02
1.856856856856856780e-03 -1.376046561865029022e-02
1.866866866866866495e-03 -1.386778398709657793e-02
1.876876876876876210e-03 -1.395952448198041485e-02
1.886886886886886792e-03 -1.403624854532376648e-02
1.896896896896896507e-03 -1.409850640106640428e-02
1.906906906906906222e-03 -1.414683710519860221e-02
1.916916916916916805e-03 -1.418176860102589656e-02
1.926926926926926520e-03 -1.420381777937886579e-02
1.936936936936937102e-03 -1.421349054358264988e-02
1.946946946946946817e-03 -1.421128187900276216e-02
1.956956956956956532e-03 -1.419767592698619602e-02
1.966966966966967115e-03 -1.417314606301861395e-02
1.976976976976976830e-03 -1.413815497892096686e-02
1.986986986986986545e-03 -1.409315476891096972e-02
1.996996996996997127e-03 -1.403858701935746522e-02
2.007007007007006842e-03 -1.397488290205808718e-02
2.017017017017016557e-03 -1.390246327087306562e-02
2.027027027027027140e-03 -1.382173876155082942e-02
2.037037037037036855e-03 -1.373310989458351346e-02
2.047047047047046570e-03 -1.363696718093321443e-02
2.057057057057057152e-03 -1.353369123047262930e-02
2.067067067067066867e-03 -1.342365286298650463e-02
2.077077077077076582e-03 -1.330721322158295514e-02
2.087087087087087164e-03 -1.318472388836688242e-02
2.097097097097096879e-03 -1.305652700223033057e-02
2.107107107107106594e-03 -1.292295537861756251e-02
2.117117117117117177e-03 -1.278433263112582589e-02
2.127127127127126892e-03 -1.264097329480539690e-02
2.137137137137136607e-03 -1.249318295102561614e-02
2.147147147147147189e-03 -1.234125835377668061e-02
2.157157157157156904e-03 -1.218548755727990110e-02
2.167167167167166619e-03 -1.202615004478188934e-02
2.177177177177177202e-03 -1.186351685841171601e-02
2.187187187187186917e-03 -1.169785072998255626e-02
2.197197197197196632e-03 -1.152940621262238917e-02
2.207207207207207214e-03 -1.135842981312186820e-02
2.217217217217216929e-03 -1.118516012488976127e-02
2.227227227227226644e-03 -1.100982796140968431e-02
2.237237237237237227e-03 -1.083265649009503527e-02
2.247247247247246942e-03 -1.065386136644162589e-02
2.257257257257256657e-03 -1.047365086838050394e-02
2.267267267267267239e-03 -1.029222603073683996e-02
2.277277277277276954e-03 -1.010978077970304569e-02
2.287287287287286669e-03 -9.926502067237486654e-03
2.297297297297297251e-03 -9.742570005303177044e-03
2.307307307307306966e-03 -9.558157999863425847e-03
2.317317317317316681e-03 -9.373432884554184358e-03
2.327327327327327264e-03 -9.188555053955932764e-03
2.337337337337336979e-03 -9.003678596390595965e-03
2.347347347347346694e-03 -8.818951426171275573e-03
2.357357357357357276e-03 -8.634515415236078753e-03
2.367367367367366991e-03 -8.450506524099376734e-03
2.377377377377376706e-03 -8.267054932056483452e-03
2.387387387387387289e-03 -8.084285166580749277e-03
2.397397397397397004e-03 -7.902316231854325176e-03
2.407407407407406719e-03 -7.721261736376103420e-03
2.417417417417417301e-03 -7.541230019593529385e-03
2.427427427427427016e-03 -7.362324277506822161e-03
2.437437437437437598e-03 -7.184642687196571113e-03
2.447447447447447313e-03 -7.008278530228555236e-03
2.457457457457457028e-03 -6.833320314891228910e-03
2.467467467467467611e-03 -6.659851897224163507e-03
2.477477477477477326e-03 -6.487952600797741373e-03
2.487487487487487041e-03 -6.317697335206373666e-03
2.497497497497497623e-03 -6.149156713240190239e-03
2.507507507507507338e-03 -5.982397166701806414e-03
2.517517517517517053e-03 -5.817481060836768997e-03
2.527527527527527636e-03 -5.654466807348886882e-03
2.537537537537537351e-03 -5.493408975972923110e-03
2.547547547547547066e-03 -5.334358404579344834e-03
2.557557557557557648e-03 -5.177362307787910199e-03
2.567567567567567363e-03 -5.022464384068401136e-03
2.577577577577577078e-03 -4.869704921308518931e-03
2.587587587587587661e-03 -4.719120900831264009e-03
2.597597597597597376e-03 -4.570746099845148305e-03
2.607607607607607091e-03 -4.424611192312559275e-03
2.617617617617617673e-03 -4.280743848223347511e-03
2.627627627627627388e-03 -4.139168831262024853e-03
2.637637637637637103e-03 -3.999908094858452626e-03
2.647647647647647685e-03 -3.862980876613676413e-03
2.657657657657657400e-03 -3.728403791093813646e-03
2.667667667667667115e-03 -3.596190920986051288e-03
2.677677677677677698e-03 -3.466353906612719502e-03
2.687687687687687413e-03 -3.338902033800242915e-03
2.697697697697697128e-03 -3.213842320101110289e-03
2.707707707707707710e-03 -3.091179599368471843e-03
2.717717717717717425e-03 -2.970916604683970525e-03
2.727727727727727140e-03 -2.853054049640361533e-03
2.737737737737737723e-03 -2.737590707982074257e-03
2.747747747747747438e-03 -2.624523491607493562e-03
2.757757757757757153e-03 -2.513847526937839326e-03
2.767767767767767735e-03 -2.405556229658756956e-03
2.777777777777777450e-03 -2.299641377841368274e-03
2.787787787787787165e-03 -2.196093183450550847e-03
2.797797797797797748e-03 -2.094900362249187912e-03
2.807807807807807463e-03 -1.996050202107835757e-03
2.817817817817818045e-03 -1.899528629729990313e-03
2.827827827827827760e-03 -1.805320275804221924e-03
2.837837837837837475e-03 -1.713408538594665643e-03
2.847847847847847190e-03 -1.623775645982615101e-03
2.857857857857856905e-03 -1.536402715972129754e-03
2.867867867867868355e-03 -1.451269815673509244e-03
2.877877877877878070e-03 -1.368356018779032842e-03
2.887887887887887785e-03 -1.287639461545666197e-03
2.897897897897897500e-03 -1.209097397300462401e-03
2.907907907907907215e-03 -1.132706249484424690e-03
2.917917917917916930e-03 -1.058441663251285733e-03
2.927927927927928380e-03 -9.862785556380856099e-04
2.937937937937938095e-03 -9.161911643248958235e-04
2.947947947947947810e-03 -8.481530950011735223e-04
2.957957957957957525e-03 -7.821373673570374994e-04
2.967967967967967240e-03 -7.181164597176336239e-04
2.977977977977976955e-03 -6.560623523393908528e-04
2.987987987987988404e-03 -5.959465693870552756e-04
2.997997997997998119e-03 -5.377402196108411071e-04
3.008008008008007834e-03 -4.814140357429912988e-04
3.018018018018017549e-03 -4.269384126336490622e-04
3.028028028028027265e-03 -3.742834441457438318e-04
3.038038038038036980e-03 -3.234189588290401580e-04
3.048048048048048429e-03 -2.743145543934821340e-04
3.058058058058058144e-03 -2.269396310022485299e-04
3.068068068068067859e-03 -1.812634234048168791e-04
3.078078078078077574e-03 -1.372550319307404949e-04
3.088088088088087289e-03 -9.488345236461464530e-05
3.098098098098097004e-03 -5.411760472293171339e-05
3.108108108108108454e-03 -1.492636095353283800e-05
3.118118118118118169e-03 2.272142842162283214e-05
3.128128128128127884e-03 5.885690869972471973e-05
3.138138138138137599e-03 9.351119640557589143e-05
3.148148148148147314e-03 1.267153556946720217e-04
3.158158158158157029e-03 1.585003757302171795e-04
3.168168168168168479e-03 1.888971490134750254e-04
3.178178178178178194e-03 2.179364506469312114e-04
3.188188188188187909e-03 2.456489185098801914e-04
3.198198198198197624e-03 2.720650343259890368e-04
3.208208208208207339e-03 2.972151056026699255e-04
3.218218218218218789e-03 3.211292484221082641e-04
3.228228228228228504e-03 3.438373710639072429e-04
3.238238238238238219e-03 3.653691584395642481e-04
3.248248248248247934e-03 3.857540573189584786e-04
3.258258258258257649e-03 4.050212623293529936e-04
3.268268268268267364e-03 4.231997027074838611e-04
3.278278278278278814e-03 4.403180297855140970e-04
3.288288288288288529e-03 4.564046051917923399e-04
3.298298298298298244e-03 4.714874897475902272e-04
3.308308308308307959e-03 4.855944330411107821e-04
3.318318318318317674e-03 4.987528636603402775e-04
3.328328328328327389e-03 5.109898800664776971e-04
3.338338338338338838e-03 5.223322420899089097e-04
3.348348348348348553e-03 5.328063630308966115e-04
3.358358358358358269e-03 5.424383023474187073e-04
3.368368368368367984e-03 5.512537589127611140e-04
3.378378378378377699e-03 5.592780648257599614e-04
3.388388388388387414e-03 5.665361797567963330e-04
3.398398398398398863e-03 5.730526858128972504e-04
3.408408408408408578e-03 5.788517829055384858e-04
3.418418418418418293e-03 5.839572846050095556e-04
3.428428428428428008e-03 5.883926144654237200e-04
3.438438438438437723e-03 5.921808028047405303e-04
3.448448448448447438e-03 5.953444839244059024e-04
3.458458458458458888e-03 5.979058937534819512e-04
3.468468468468468603e-03 5.998868679023923109e-04
3.478478478478478318e-03 6.013088401116811190e-04
3.488488488488488033e-03 6.021928410814318070e-04
3.498498498498497748e-03 6.025594976672700399e-04
3.508508508508507463e-03 6.024290324291303733e-04
3.518518518518518913e-03 6.018212635192330155e-04
3.528528528528528628e-03 6.007556048959878086e-04
3.538538538538538343e-03 5.992510668507975476e-04
3.548548548548548058e-03 5.973262568350056487e-04
3.558558558558557773e-03 5.949993805744985915e-04
3.568568568568567488e-03 5.922882434597278060e-04
3.578578578578578938e-03 5.892102521991924701e-04
3.588588588588588653e-03 5.857824167246780634e-04
3.598598598598598368e-03 5.820213523368043210e-04
3.608608608608608083e-03 5.779432820797104258e-04
3.618618618618617798e-03 5.735640393339473805e-04
3.628628628628627513e-03 5.688990706169143232e-04
3.638638638638638963e-03 5.639634385804281674e-04
3.648648648648648678e-03 5.587718251952739903e-04
3.658658658658658393e-03 5.533385351128200557e-04
3.668668668668668108e-03 5.476774991940564202e-04
3.678678678678677823e-03 5.418022781966416951e-04
3.688688688688687538e-03 5.357260666107933108e-04
3.698698698698698988e-03 5.294616966351056719e-04
3.708708708708708703e-03 5.230216422836197684e-04
3.718718718718718418e-03 5.164180236156868135e-04
3.728728728728728133e-03 5.096626110804406166e-04
3.738738738738737848e-03 5.027668299678872540e-04
3.748748748748749297e-03 4.957417649588745194e-04
3.758758758758759012e-03 4.885981647664249233e-04
3.768768768768768727e-03 4.813464468611221704e-04
3.778778778778778442e-03 4.739967022734995188e-04
3.788788788788788157e-03 4.665587004665565580e-04
3.798798798798797872e-03 4.590418942717651310e-04
3.808808808808809322e-03 4.514554248821387697e-04
3.818818818818819037e-03 4.438081268961413441e-04
3.828828828828828752e-03 4.361085334064034036e-04
3.838838838838838467e-03 4.283648811274521771e-04
3.848848848848848182e-03 4.205851155568199849e-04
3.858858858858857897e-03 4.127768961641109166e-04
3.868868868868869347e-03 4.049476016027981338e-04
3.878878878878879062e-03 3.971043349397072745e-04
3.888888888888888777e-03 3.892539288973125792e-04
3.898898898898898492e-03 3.814029511041927773e-04
3.908908908908908207e-03 3.735577093491260431e-04
3.918918918918917922e-03 3.657242568345079768e-04
3.928928928928929372e-03 3.579083974249321998e-04
3.938938938938939087e-03 3.501156908869603986e-04
3.948948948948948802e-03 3.423514581162325193e-04
3.958958958958958517e-03 3.346207863482856312e-04
3.968968968968968232e-03 3.269285343495570992e-04
3.978978978978977947e-03 3.192793375852259990e-04
3.988988988988989397e-03 3.116776133606969810e-04
3.998998998998999112e-03 3.041275659336688079e-04
4.009009009009008827e-03 2.966331915938768085e-04
4.019019019019018542e-03 2.891982837077462115e-04
4.029029029029028257e-03 2.818264377253223464e-04
4.039039039039037972e-03 2.745210561469806835e-04
4.049049049049049422e-03 2.672853534475398717e-04
4.059059059059059137e-03 2.601223609555626949e-04
4.069069069069068852e-03 2.530349316856884685e-04
4.079079079079078567e-03 2.460257451220492701e-04
4.089089089089088282e-03 2.390973119508516161e-04
4.099099099099097997e-03 2.322519787403862592e-04
4.109109109109109446e-03 2.254919325668037816e-04
4.119119119119119161e-03 2.188192055841152765e-04
4.129129129129128876e-03 2.122356795369763750e-04
4.139139139139138591e-03 2.057430902149256298e-04
4.149149149149148307e-03 1.993430318468375235e-04
4.159159159159158022e-03 1.930369614344508509e-04
4.169169169169169471e-03 1.868262030239199040e-04
4.179179179179179186e-03 1.807119519144505422e-04
4.189189189189188901e-03 1.746952788031227262e-04
4.199199199199198616e-03 1.687771338651534731e-04
4.209209209209208331e-03 1.629583507688679115e-04
4.219219219219218046e-03 1.572396506247778121e-04
4.229229229229229496e-03 1.516216458682146002e-04
4.239239239239239211e-03 1.461048440750507219e-04
4.249249249249248926e-03 1.406896517101071796e-04
4.259259259259258641e-03 1.353763778079253115e-04
4.269269269269268356e-03 1.301652375856407885e-04
4.279279279279279806e-03 1.250563559877539675e-04
4.289289289289289521e-03 1.200497711626775270e-04
4.299299299299299236e-03 1.151454378709676301e-04
4.309309309309308951e-03 1.103432308252352519e-04
4.319319319319318666e-03 1.056429479617718132e-04
4.329329329329328381e-03 1.010443136439717870e-04
4.339339339339339831e-03 9.654698179770511326e-05
4.349349349349349546e-03 9.215053897882122670e-05
4.359359359359359261e-03 8.785450737301953689e-05
4.369369369369368976e-03 8.365834772837874261e-05
4.379379379379378691e-03 7.956146222085334104e-05
4.389389389389388406e-03 7.556319725311566430e-05
4.399399399399399856e-03 7.166284618713363399e-05
4.409409409409409571e-03 6.785965201093771494e-05
4.419419419419419286e-03 6.415280994003809802e-05
4.429429429429429001e-03 6.054146995401069942e-05
4.439439439439438716e-03 5.702473926879035739e-05
4.449449449449448431e-03 5.360168474523490983e-05
4.459459459459459880e-03 5.027133523456752968e-05
4.469469469469469596e-03 4.703268386131601795e-05
4.479479479479479311e-03 4.388469024439817316e-05
4.489489489489489026e-03 4.082628265703565416e-05
4.499499499499498741e-03 3.785636012618067824e-05
4.509509509509508456e-03 3.497379447218278283e-05
4.519519519519519905e-03 3.217743228942224947e-05
4.529529529529529620e-03 2.946609686867562641e-05
4.539539539539539335e-03 2.683859006196880859e-05
4.549549549549549050e-03 2.429369409071999787e-05
4.559559559559558765e-03 2.183017329796296108e-05
4.569569569569568480e-03 1.944677584546465881e-05
4.579579579579579930e-03 1.714223535656730021e-05
4.589589589589589645e-03 1.491527250558624574e-05
4.599599599599599360e-03 1.276459655460889867e-05
4.609609609609609075e-03 1.068890683855422539e-05
4.619619619619618790e-03 8.686894199346749480e-06
4.629629629629628505e-03 6.757242370080205163e-06
4.639639639639639955e-03 4.898629310038183196e-06
4.649649649649649670e-03 3.109728491457732124e-06
4.659659659659659385e-03 1.389210138907992752e-06
4.669669669669669100e-03 -2.642575778203172208e-07
4.679679679679678815e-03 -1.852007396433997820e-06
4.689689689689688530e-03 -3.375371859575806641e-06
4.699699699699699980e-03 -4.835682256090149013e-06
4.709709709709709695e-03 -6.234267605229836335e-06
4.719719719719719410e-03 -7.572453682915346403e-06
4.729729729729729125e-03 -8.851562089158914498e-06
4.739739739739738840e-03 -1.007290935576977666e-05
4.749749749749750290e-03 -1.123780609345903784e-05
4.759759759759760005e-03 -1.234755617746601118e-05
4.769769769769769720e-03 -1.340345597083228761e-05
4.779779779779779435e-03 -1.440679358445288426e-05
4.789789789789789150e-03 -1.535884817304038522e-05
4.799799799799798865e-03 -1.626088926614280918e-05
4.809809809809810315e-03 -1.711417613336316972e-05
4.819819819819820030e-03 -1.791995718293111394e-05
4.829829829829829745e-03 -1.867946939279148324e-05
4.839839839839839460e-03 -1.939393777337182338e-05
4.849849849849849175e-03 -2.006457486120836195e-05
4.859859859859858890e-03 -2.069258024261077597e-05
4.869869869869870339e-03 -2.127914010655825963e-05
4.879879879879880054e-03 -2.182542682602659512e-05
4.889889889889889769e-03 -2.233259856695548403e-05
4.899899899899899484e-03 -2.280179892407380607e-05
4.909909909909909199e-03 -2.323415658281042300e-05
4.919919919919918914e-03 -2.363078500652869256e-05
4.929929929929930364e-03 -2.399278214833108072e-05
4.939939939939940079e-03 -2.432123018669139338e-05
4.949949949949949794e-03 -2.461719528418367551e-05
4.959959959959959509e-03 -2.488172736858404563e-05
4.969969969969969224e-03 -2.511585993563629580e-05
4.979979979979978939e-03 -2.532060987277995101e-05
4.989989989989990389e-03 -2.549697730315226215e-05
5.000000000000000104e-03 -2.564594544918542523e-05
