-2.500000000000000000e+00 -1.852472211092712371e+02
-2.494994994994994997e+00 -1.827485938529022178e+02
-2.489989989989989994e+00 -1.802791596005367296e+02
-2.484984984984984990e+00 -1.778386283916765080e+02
-2.479979979979979987e+00 -1.754267125950464674e+02
-2.474974974974974984e+00 -1.730431268945963836e+02
-2.469969969969969981e+00 -1.706875882755590226e+02
-2.464964964964964977e+00 -1.683598160105643728e+02
-2.459959959959959974e+00 -1.660595316458097557e+02
-2.454954954954954971e+00 -1.637864589872858687e+02
-2.449949949949949968e+00 -1.615403240870589059e+02
-2.444944944944944965e+00 -1.593208552296079858e+02
-2.439939939939939961e+00 -1.571277829182182302e+02
-2.434934934934934958e+00 -1.549608398614295766e+02
-2.429929929929929955e+00 -1.528197609595404742e+02
-2.424924924924924952e+00 -1.507042832911672576e+02
-2.419919919919919948e+00 -1.486141460998584023e+02
-2.414914914914914945e+00 -1.465490907807637200e+02
-2.409909909909909942e+00 -1.445088608673587487e+02
-2.404904904904904939e+00 -1.424932020182235703e+02
-2.399899899899899935e+00 -1.405018620038766244e+02
-2.394894894894894932e+00 -1.385345906936628353e+02
-2.389889889889889929e+00 -1.365911400426962530e+02
-2.384884884884884926e+00 -1.346712640788571775e+02
-2.379879879879879923e+00 -1.327747188898433706e+02
-2.374874874874874919e+00 -1.309012626102754666e+02
-2.369869869869869916e+00 -1.290506554088562154e+02
-2.364864864864864913e+00 -1.272226594755837965e+02
-2.359859859859859910e+00 -1.254170390090187794e+02
-2.354854854854854906e+00 -1.236335602036051000e+02
-2.349849849849849903e+00 -1.218719912370439005e+02
-2.344844844844844900e+00 -1.201321022577217121e+02
-2.339839839839839897e+00 -1.184136653721911046e+02
-2.334834834834834894e+00 -1.167164546327051795e+02
-2.329829829829829890e+00 -1.150402460248048158e+02
-2.324824824824824887e+00 -1.133848174549592898e+02
-2.319819819819819884e+00 -1.117499487382591781e+02
-2.314814814814814881e+00 -1.101354215861627779e+02
-2.309809809809809877e+00 -1.085410195942945961e+02
-2.304804804804804874e+00 -1.069665282302966745e+02
-2.299799799799799871e+00 -1.054117348217324093e+02
-2.294794794794794868e+00 -1.038764285440423834e+02
-2.289789789789789864e+00 -1.023604004085529198e+02
-2.284784784784784861e+00 -1.008634432505362497e+02
-2.279779779779779858e+00 -9.938535171732294771e+01
-2.274774774774774855e+00 -9.792592225646632187e+01
-2.269769769769769852e+00 -9.648495310395828994e+01
-2.264764764764764848e+00 -9.506224427249725295e+01
-2.259759759759759845e+00 -9.365759753980719893e+01
-2.254754754754754842e+00 -9.227081643700866209e+01
-2.249749749749749839e+00 -9.090170623704051422e+01
-2.244744744744744835e+00 -8.955007394313348357e+01
-2.239739739739739832e+00 -8.821572827733432121e+01
-2.234734734734734829e+00 -8.689847966908133969e+01
-2.229729729729729826e+00 -8.559814024383068443e+01
-2.224724724724724823e+00 -8.431452381173333777e+01
-2.219719719719719819e+00 -8.304744585636285592e+01
-2.214714714714714816e+00 -8.179672352349369646e+01
-2.209709709709709813e+00 -8.056217560992993754e+01
-2.204704704704704810e+00 -7.934362255238436035e+01
-2.199699699699699806e+00 -7.814088641640768174e+01
-2.194694694694694803e+00 -7.695379088536813583e+01
-2.189689689689689800e+00 -7.578216124948073684e+01
-2.184684684684684797e+00 -7.462582439488656405e+01
-2.179679679679679793e+00 -7.348460879278208324e+01
-2.174674674674674790e+00 -7.235834448859775136e+01
-2.169669669669669787e+00 -7.124686309122641603e+01
-2.164664664664664784e+00 -7.014999776230101247e+01
-2.159659659659659781e+00 -6.906758320552189900e+01
-2.154654654654654777e+00 -6.799945565603304942e+01
-2.149649649649649774e+00 -6.694545286984762811e+01
-2.144644644644644771e+00 -6.590541411332257837e+01
-2.139639639639639768e+00 -6.487918015268181193e+01
-2.134634634634634764e+00 -6.386659324358868872e+01
-2.129629629629629761e+00 -6.286749712076665020e+01
-2.124624624624624758e+00 -6.188173698766892983e+01
-2.119619619619619755e+00 -6.090915950619626074e+01
-2.114614614614614752e+00 -5.994961278646335501e+01
-2.109609609609609748e+00 -5.900294637661328068e+01
-2.104604604604604745e+00 -5.806901125268015562e+01
-2.099599599599599742e+00 -5.714765980849990967e+01
-2.094594594594594739e+00 -5.623874584566883073e+01
-2.089589589589589735e+00 -5.534212456354993037e+01
-2.084584584584584732e+00 -5.445765254932715038e+01
-2.079579579579579729e+00 -5.358518776810699080e+01
-2.074574574574574726e+00 -5.272458955306765915e+01
-2.069569569569569722e+00 -5.187571859565569810e+01
-2.064564564564564719e+00 -5.103843693582967234e+01
-2.059559559559559716e+00 -5.021260795235120611e+01
-2.054554554554554713e+00 -4.939809635312293778e+01
-2.049549549549549710e+00 -4.859476816557346268e+01
-2.044544544544544706e+00 -4.780249072708903668e+01
-2.039539539539539703e+00 -4.702113267549208331e+01
-2.034534534534534700e+00 -4.625056393956625556e+01
-2.029529529529529697e+00 -4.549065572962793880e+01
-2.024524524524524693e+00 -4.474128052814431555e+01
-2.019519519519519690e+00 -4.400231208039751607e+01
-2.014514514514514687e+00 -4.327362538519503232e+01
-2.009509509509509684e+00 -4.255509668562621073e+01
-2.004504504504504681e+00 -4.184660345986465302e+01
-1.999499499499499455e+00 -4.114802441201649685e+01
-1.994494494494494452e+00 -4.045923946301446961e+01
-1.989489489489489449e+00 -3.978012974155742398e+01
-1.984484484484484446e+00 -3.911057757509556865e+01
-1.979479479479479442e+00 -3.845046648086106700e+01
-1.974474474474474439e+00 -3.779968115694384778e+01
-1.969469469469469436e+00 -3.715810747341271991e+01
-1.964464464464464433e+00 -3.652563246348160675e+01
-1.959459459459459429e+00 -3.590214431472059431e+01
-1.954454454454454426e+00 -3.528753236031207052e+01
-1.949449449449449423e+00 -3.468168707035144394e+01
-1.944444444444444420e+00 -3.408450004319266213e+01
-1.939439439439439417e+00 -3.349586399683822435e+01
-1.934434434434434413e+00 -3.291567276037365986e+01
-1.929429429429429410e+00 -3.234382126544629443e+01
-1.924424424424424407e+00 -3.178020553778834412e+01
-1.919419419419419404e+00 -3.122472268878409096e+01
-1.914414414414414400e+00 -3.067727090708104498e+01
-1.909409409409409397e+00 -3.013774945024507446e+01
-1.904404404404404394e+00 -2.960605863645932700e+01
-1.899399399399399391e+00 -2.908209983626684902e+01
-1.894394394394394388e+00 -2.856577546435678983e+01
-1.889389389389389384e+00 -2.805698897139415138e+01
-1.884384384384384381e+00 -2.755564483589281011e+01
-1.879379379379379378e+00 -2.706164855613196707e+01
-1.874374374374374375e+00 -2.657490664211564990e+01
-1.869369369369369371e+00 -2.609532660757535893e+01
-1.864364364364364368e+00 -2.562281696201559100e+01
-1.859359359359359365e+00 -2.515728720280232977e+01
-1.854354354354354362e+00 -2.469864780729423259e+01
-1.849349349349349358e+00 -2.424681022501643213e+01
-1.844344344344344355e+00 -2.380168686987694215e+01
-1.839339339339339352e+00 -2.336319111242548274e+01
-1.834334334334334349e+00 -2.293123727215462182e+01
-1.829329329329329346e+00 -2.250574060984318336e+01
-1.824324324324324342e+00 -2.208661731994172683e+01
-1.819319319319319339e+00 -2.167378452300012626e+01
-1.814314314314314336e+00 -2.126716025813700384e+01
-1.809309309309309333e+00 -2.086666347555100032e+01
-1.804304304304304329e+00 -2.047221402907375776e+01
-1.799299299299299326e+00 -2.008373266876456142e+01
-1.794294294294294323e+00 -1.970114103354637436e+01
-1.789289289289289320e+00 -1.932436164388339606e+01
-1.784284284284284317e+00 -1.895331789449984328e+01
-1.779279279279279313e+00 -1.858793404713999209e+01
-1.774274274274274310e+00 -1.822813522336924663e+01
-1.769269269269269307e+00 -1.787384739741627371e+01
-1.764264264264264304e+00 -1.752499738905597582e+01
-1.759259259259259300e+00 -1.718151285653332394e+01
-1.754254254254254297e+00 -1.684332228952779076e+01
-1.749249249249249294e+00 -1.651035500215845531e+01
-1.744244244244244291e+00 -1.618254112602956596e+01
-1.739239239239239287e+00 -1.585981160331646933e+01
-1.734234234234234284e+00 -1.554209817989191222e+01
-1.729229229229229281e+00 -1.522933339849241818e+01
-1.724224224224224278e+00 -1.492145059192483458e+01
-1.719219219219219275e+00 -1.461838387631287262e+01
-1.714214214214214271e+00 -1.432006814438347320e+01
-1.709209209209209268e+00 -1.402643905879304498e+01
-1.704204204204204265e+00 -1.373743304549334709e+01
-1.699199199199199262e+00 -1.345298728713700243e+01
-1.694194194194194036e+00 -1.317303971652242645e+01
-1.689189189189189033e+00 -1.289752901007834573e+01
-1.684184184184184030e+00 -1.262639458138736259e+01
-1.679179179179179027e+00 -1.235957657474892812e+01
-1.674174174174174023e+00 -1.209701585878137742e+01
-1.669169169169169020e+00 -1.183865402006290779e+01
-1.664164164164164017e+00 -1.158443335681157471e+01
-1.659159159159159014e+00 -1.133429687260403540e+01
-1.654154154154154011e+00 -1.108818827013306318e+01
-1.649149149149149007e+00 -1.084605194500368341e+01
-1.644144144144144004e+00 -1.060783297956783677e+01
-1.639139139139139001e+00 -1.037347713679751138e+01
-1.634134134134133998e+00 -1.014293085419619445e+01
-1.629129129129128994e+00 -9.916141237748615112e+00
-1.624124124124123991e+00 -9.693056055908630952e+00
-1.619119119119118988e+00 -9.473623733625203158e+00
-1.614114114114113985e+00 -9.257793346406335999e+00
-1.609109109109108982e+00 -9.045514614420905986e+00
-1.604104104104103978e+00 -8.836737896638320322e+00
-1.599099099099098975e+00 -8.631414185005851891e+00
-1.594094094094093972e+00 -8.429495098663593922e+00
-1.589089089089088969e+00 -8.230932878196984603e+00
-1.584084084084083965e+00 -8.035680379926704475e+00
-1.579079079079078962e+00 -7.843691070235987439e+00
-1.574074074074073959e+00 -7.654919019935169544e+00
-1.569069069069068956e+00 -7.469318898663404482e+00
-1.564064064064063952e+00 -7.286845969327507611e+00
-1.559059059059058949e+00 -7.107456082577744638e+00
-1.554054054054053946e+00 -6.931105671320609396e+00
-1.549049049049048943e+00 -6.757751745268373966e+00
-1.544044044044043940e+00 -6.587351885525437822e+00
-1.539039039039038936e+00 -6.419864239211291235e+00
-1.534034034034033933e+00 -6.255247514120119590e+00
-1.529029029029028930e+00 -6.093460973416860327e+00
-1.524024024024023927e+00 -5.934464430369720489e+00
-1.519019019019018923e+00 -5.778218243118981690e+00
-1.514014014014013920e+00 -5.624683309482131577e+00
-1.509009009009008917e+00 -5.473821061795100640e+00
-1.504004004004003914e+00 -5.325593461789663863e+00
-1.498998998998998911e+00 -5.179962995506834034e+00
-1.493993993993993907e+00 -5.036892668246192528e+00
-1.488988988988988904e+00 -4.896345999551118489e+00
-1.483983983983983901e+00 -4.758287018229794718e+00
-1.478978978978978898e+00 -4.622680257411934335e+00
-1.473973973973973894e+00 -4.489490749641173117e+00
-1.468968968968968891e+00 -4.358684022003000536e+00
-1.463963963963963888e+00 -4.230226091288241896e+00
-1.458958958958958885e+00 -4.104083459191927297e+00
-1.453953953953953881e+00 -3.980223107547564254e+00
-1.448948948948948878e+00 -3.858612493596672799e+00
-1.443943943943943875e+00 -3.739219545293572367e+00
-1.438938938938938872e+00 -3.622012656645314799e+00
-1.433933933933933869e+00 -3.506960683086730590e+00
-1.428928928928928865e+00 -3.394032936890484020e+00
-1.423923923923923862e+00 -3.283199182612115408e+00
-1.418918918918918859e+00 -3.174429632569996329e+00
-1.413913913913913856e+00 -3.067694942360115196e+00
-1.408908908908908852e+00 -2.962966206405666103e+00
-1.403903903903903849e+00 -2.860214953541365013e+00
-1.398898898898898846e+00 -2.759413142632431537e+00
-1.393893893893893843e+00 -2.660533158228215900e+00
-1.388888888888888840e+00 -2.563547806250368044e+00
-1.383883883883883836e+00 -2.468430309715529347e+00
-1.378878878878878833e+00 -2.375154304492496760e+00
-1.373873873873873830e+00 -2.283693835093792757e+00
-1.368868868868868827e+00 -2.194023350501614011e+00
-1.363863863863863823e+00 -2.106117700028094841e+00
-1.358858858858858820e+00 -2.019952129209848124e+00
-1.353853853853853817e+00 -1.935502275736763700e+00
-1.348848848848848814e+00 -1.852744165414978550e+00
-1.343843843843843811e+00 -1.771654208164015198e+00
-1.338838838838838807e+00 -1.692209194048056364e+00
-1.333833833833833804e+00 -1.614386289341291469e+00
-1.328828828828828801e+00 -1.538163032627317683e+00
-1.323823823823823798e+00 -1.463517330932584848e+00
-1.318818818818818794e+00 -1.390427455893824771e+00
-1.313813813813813791e+00 -1.318872039959448905e+00
-1.308808808808808788e+00 -1.248830072624903309e+00
-1.303803803803803785e+00 -1.180280896701955129e+00
-1.298798798798798781e+00 -1.113204204621871973e+00
-1.293793793793793778e+00 -1.047580034772503499e+00
-1.288788788788788775e+00 -9.833887678692487810e-01
-1.283783783783783772e+00 -9.206111233598743837e-01
-1.278778778778778769e+00 -8.592281558632053340e-01
-1.273773773773773765e+00 -7.992212516416703494e-01
-1.268768768768768762e+00 -7.405721251076893275e-01
-1.263763763763763759e+00 -6.832628153639279667e-01
-1.258758758758758756e+00 -6.272756827773937616e-01
-1.253753753753753752e+00 -5.725934055874031259e-01
-1.248748748748748749e+00 -5.191989765474316343e-01
-1.243743743743743746e+00 -4.670756996008265105e-01
-1.238738738738738743e+00 -4.162071865904510837e-01
-1.233733733733733740e+00 -3.665773540022407850e-01
-1.228728728728728736e+00 -3.181704197427057679e-01
-1.223723723723723733e+00 -2.709708999504241156e-01
-1.218718718718718730e+00 -2.249636058415394047e-01
-1.213713713713713727e+00 -1.801336405893030346e-01
-1.208708708708708723e+00 -1.364663962377115070e-01
-1.203703703703703720e+00 -9.394755064927728938e-02
-1.198698698698698717e+00 -5.256306448697989353e-02
-1.193693693693693714e+00 -1.229917823045489911e-02
-1.188688688688688710e+00 2.685759077351068669e-02
-1.183683683683683707e+00 6.492045122613343544e-02
-1.178678678678678704e+00 1.019023407573411699e-01
-1.173673673673673701e+00 1.378159287719904480e-01
-1.168668668668668698e+00 1.726736192614819476e-01
-1.163663663663663694e+00 2.064875535807071394e-01
-1.158658658658658691e+00 2.392696131902321000e-01
-1.153653653653653688e+00 2.710314223636154374e-01
-1.148648648648648685e+00 3.017843508597501945e-01
-1.143643643643643681e+00 3.315395165601331406e-01
-1.138638638638638678e+00 3.603077880709337766e-01
-1.133633633633633675e+00 3.880997872897362644e-01
-1.128628628628628672e+00 4.149258919368326026e-01
-1.123623623623623669e+00 4.407962380509093947e-01
-1.118618618618618665e+00 4.657207224490027553e-01
-1.113613613613613662e+00 4.897090051505452735e-01
-1.108608608608608659e+00 5.127705117653549305e-01
-1.103603603603603656e+00 5.349144358453852277e-01
-1.098598598598598652e+00 5.561497412000599994e-01
-1.093593593593593649e+00 5.764851641749977329e-01
-1.088588588588588646e+00 5.959292158939294426e-01
-1.083583583583583643e+00 6.144901844635906052e-01
-1.078578578578578639e+00 6.321761371413856523e-01
-1.073573573573573636e+00 6.489949224655627846e-01
-1.068568568568568633e+00 6.649541723476850574e-01
-1.063563563563563630e+00 6.800613041271346138e-01
-1.058558558558558627e+00 6.943235225873723993e-01
-1.053553553553553623e+00 7.077478219336887921e-01
-1.048548548548548620e+00 7.203409877321467203e-01
-1.043543543543543617e+00 7.321095988094192819e-01
-1.038538538538538614e+00 7.430600291131912449e-01
-1.033533533533533610e+00 7.531984495327993523e-01
-1.028528528528528607e+00 7.625308296797665975e-01
-1.023523523523523604e+00 7.710629396278567693e-01
-1.018518518518518601e+00 7.788003516122758985e-01
-1.013513513513513598e+00 7.857484416876253652e-01
-1.008508508508508594e+00 7.919123913441853402e-01
-1.003503503503503591e+00 7.972971890821055618e-01
-9.984984984984985878e-01 8.019076319430407107e-01
-9.934934934934935846e-01 8.057483269987777419e-01
-9.884884884884885814e-01 8.088236927963388112e-01
-9.834834834834835782e-01 8.111379607590714080e-01
-9.784784784784785749e-01 8.126951765431809083e-01
-9.734734734734735717e-01 8.134992013491422203e-01
-9.684684684684685685e-01 8.135537131874197581e-01
-9.634634634634635653e-01 8.128622080978844533e-01
-9.584584584584585620e-01 8.114280013223004184e-01
-9.534534534534535588e-01 8.092542284292080224e-01
-9.484484484484485556e-01 8.063438463905350240e-01
-9.434434434434435524e-01 8.026996346092035717e-01
-9.384384384384385491e-01 7.983241958969997665e-01
-9.334334334334335459e-01 7.932199574019074273e-01
-9.284284284284285427e-01 7.873891714841173561e-01
-9.234234234234235394e-01 7.808339165398402448e-01
-9.184184184184185362e-01 7.735560977720624676e-01
-9.134134134134135330e-01 7.655574479073021799e-01
-9.084084084084085298e-01 7.568395278574271412e-01
-9.034034034034035265e-01 7.474037273255105251e-01
-8.983983983983985233e-01 7.372512653547014239e-01
-8.933933933933932980e-01 7.263831908189950504e-01
-8.883883883883882948e-01 7.148003828547944138e-01
-8.833833833833832916e-01 7.025035512320512154e-01
-8.783783783783782884e-01 6.894932366637700483e-01
-8.733733733733732851e-01 6.757698110525696134e-01
-8.683683683683682819e-01 6.613334776729704600e-01
-8.633633633633632787e-01 6.461842712879732886e-01
-8.583583583583582755e-01 6.303220581985047311e-01
-8.533533533533532722e-01 6.137465362241694145e-01
-8.483483483483482690e-01 5.964572346137002601e-01
-8.433433433433432658e-01 5.784535138834814294e-01
-8.383383383383382625e-01 5.597345655823502408e-01
-8.333333333333332593e-01 5.402994119808983697e-01
-8.283283283283282561e-01 5.201469056833403215e-01
-8.233233233233232529e-01 4.992757291599940750e-01
-8.183183183183182496e-01 4.776843941982571451e-01
-8.133133133133132464e-01 4.553712412699595369e-01
-8.083083083083082432e-01 4.323344388127772220e-01
-8.033033033033032400e-01 4.085719824233726705e-01
-7.982982982982982367e-01 3.840816939597542223e-01
-7.932932932932932335e-01 3.588612205503007857e-01
-7.882882882882882303e-01 3.329080335066887386e-01
-7.832832832832832270e-01 3.062194271379272692e-01
-7.782782782782782238e-01 2.787925174625165425e-01
-7.732732732732732206e-01 2.506242408156094115e-01
-7.682682682682682174e-01 2.217113523479530279e-01
-7.632632632632632141e-01 1.920504244131593374e-01
-7.582582582582582109e-01 1.616378448397837175e-01
-7.532532532532532077e-01 1.304698150844258997e-01
-7.482482482482482045e-01 9.854234826196561770e-02
-7.432432432432432012e-01 6.585126704881938409e-02
-7.382382382382381980e-01 3.239220145489118963e-02
-7.332332332332331948e-01 -1.839413540277501369e-03
-7.282282282282281916e-01 -3.684834049190488514e-02
-7.232232232232231883e-01 -7.263954213989487485e-02
-7.182182182182181851e-01 -1.092181842095074629e-01
-7.132132132132131819e-01 -1.465896383682454562e-01
-7.082082082082081786e-01 -1.847594853447320773e-01
-7.032032032032031754e-01 -2.237335182156132696e-01
-6.981981981981981722e-01 -2.635177458668458428e-01
-6.931931931931931690e-01 -3.041183966360549995e-01
-6.881881881881881657e-01 -3.455419221429796295e-01
-6.831831831831831625e-01 -3.877950013154096709e-01
-6.781781781781781593e-01 -4.308845446183746652e-01
-6.731731731731731561e-01 -4.748176984947871659e-01
-6.681681681681681528e-01 -5.196018500261385675e-01
-6.631631631631631496e-01 -5.652446318223596222e-01
-6.581581581581581464e-01 -6.117539271503611431e-01
-6.531531531531531432e-01 -6.591378753114014444e-01
-6.481481481481481399e-01 -7.074048772778596117e-01
-6.431431431431431367e-01 -7.565636016006518361e-01
-6.381381381381381335e-01 -8.066229905991413318e-01
-6.331331331331331302e-01 -8.575922668459972087e-01
-6.281281281281281270e-01 -9.094809399602450384e-01
-6.231231231231231238e-01 -9.622988137224179894e-01
-6.181181181181181206e-01 -1.016055993526544299e+00
-6.131131131131131173e-01 -1.070762894184570158e+00
-6.081081081081081141e-01 -1.126430248099690168e+00
-6.031031031031031109e-01 -1.183069113826013208e+00
-5.980980980980981077e-01 -1.240690885033052915e+00
-5.930930930930931044e-01 -1.299307299894594259e+00
-5.880880880880881012e-01 -1.358930450922660071e+00
-5.830830830830830980e-01 -1.419572795268559062e+00
-5.780780780780780947e-01 -1.481247165514320230e+00
-5.730730730730730915e-01 -1.543966780979260101e+00
-5.680680680680680883e-01 -1.607745259567946228e+00
-5.630630630630630851e-01 -1.672596630187435984e+00
-5.580580580580580818e-01 -1.738535345763480677e+00
-5.530530530530530786e-01 -1.805576296887180909e+00
-5.480480480480480754e-01 -1.873734826125680542e+00
-5.430430430430430722e-01 -1.943026743032579162e+00
-5.380380380380380689e-01 -2.013468339896106407e+00
-5.330330330330330657e-01 -2.085076408265593706e+00
-5.280280280280280625e-01 -2.157868256299453336e+00
-5.230230230230230593e-01 -2.231861726980764793e+00
-5.180180180180180560e-01 -2.307075217249709986e+00
-5.130130130130130528e-01 -2.383527698105416093e+00
-5.080080080080080496e-01 -2.461238735733401128e+00
-5.030030030030030463e-01 -2.540228513718743919e+00
-4.979979979979978211e-01 -2.620517856409263047e+00
-4.929929929929928178e-01 -2.702128253497591004e+00
-4.879879879879878146e-01 -2.785081885896011578e+00
-4.829829829829828114e-01 -2.869401652983089690e+00
-4.779779779779778082e-01 -2.955111201307140334e+00
-4.729729729729728049e-01 -3.042234954837653937e+00
-4.679679679679678017e-01 -3.130798146862747267e+00
-4.629629629629627985e-01 -3.220826853637967169e+00
-4.579579579579577953e-01 -3.312348029899947477e+00
-4.529529529529527920e-01 -3.405389546367002751e+00
-4.479479479479477888e-01 -3.499980229358429007e+00
-4.429429429429427856e-01 -3.596149902674478760e+00
-4.379379379379377824e-01 -3.693929431890439652e+00
-4.329329329329327791e-01 -3.793350771230502794e+00
-4.279279279279277759e-01 -3.894447013200666774e+00
-4.229229229229227727e-01 -3.997252441174666160e+00
-4.179179179179177694e-01 -4.101802585143129676e+00
-4.129129129129127662e-01 -4.208134280853848885e+00
-4.079079079079077630e-01 -4.316285732590652735e+00
-4.029029029029027598e-01 -4.426296579859566371e+00
-3.978978978978977565e-01 -4.538207968274726056e+00
-3.928928928928927533e-01 -4.652062624962212567e+00
-3.878878878878877501e-01 -4.767904938828708694e+00
-3.828828828828827469e-01 -4.885781046073352840e+00
-3.778778778778777436e-01 -5.005738921356088333e+00
-3.728728728728727404e-01 -5.127828475074339920e+00
-3.678678678678677372e-01 -5.252101657242707944e+00
-3.628628628628627339e-01 -5.378612568517702641e+00
-3.578578578578577307e-01 -5.507417578962423121e+00
-3.528528528528527275e-01 -5.638575455204596132e+00
-3.478478478478477243e-01 -5.772147496706918623e+00
-3.428428428428427210e-01 -5.908197681941466328e+00
-3.378378378378377178e-01 -6.046792825341607447e+00
-3.328328328328327146e-01 -6.188002745996047160e+00
-3.278278278278277114e-01 -6.331900449152015220e+00
-3.228228228228227081e-01 -6.478562321709573801e+00
-3.178178178178177049e-01 -6.628068343018288289e+00
-3.128128128128127017e-01 -6.780502312433333678e+00
-3.078078078078076985e-01 -6.935952095252572391e+00
-3.028028028028026952e-01 -7.094509888842344125e+00
-2.977977977977976920e-01 -7.256272510970639189e+00
-2.927927927927926888e-01 -7.421341712605907581e+00
-2.877877877877876855e-01 -7.589824517712411733e+00
-2.827827827827826823e-01 -7.761833592883852440e+00
-2.777777777777776791e-01 -7.937487650012448270e+00
-2.727727727727726759e-01 -8.116911885597492216e+00
-2.677677677677676726e-01 -8.300238460764930437e+00
-2.627627627627626694e-01 -8.487607026607282279e+00
-2.577577577577576662e-01 -8.679165300073858447e+00
-2.527527527527526630e-01 -8.875069696359449978e+00
-2.477477477477476597e-01 -9.075486024572413157e+00
-2.427427427427426565e-01 -9.280590254432301123e+00
-2.377377377377376533e-01 -9.490569362877561588e+00
-2.327327327327326500e-01 -9.705622270787031880e+00
-2.277277277277276468e-01 -9.925960881572116534e+00
-2.227227227227226436e-01 -1.015181123522596351e+01
-2.177177177177176404e-01 -1.038341479357828412e+01
-2.127127127127126371e-01 -1.062102987506891694e+01
-2.077077077077076339e-01 -1.086493326040673857e+01
-2.027027027027026307e-01 -1.111542199412971144e+01
-1.976976976976976275e-01 -1.137281541146152364e+01
-1.926926926926926242e-01 -1.163745742513843595e+01
-1.876876876876876210e-01 -1.190971911327008570e+01
-1.826826826826826178e-01 -1.219000165707036487e+01
-1.776776776776776146e-01 -1.247873968679489209e+01
-1.726726726726726113e-01 -1.277640510589489864e+01
-1.676676676676676081e-01 -1.308351147781874957e+01
-1.626626626626626049e-01 -1.340061907781211126e+01
-1.576576576576576016e-01 -1.372834073447035408e+01
-1.526526526526525984e-01 -1.406734861398488690e+01
-1.476476476476475952e-01 -1.441838213573529259e+01
-1.426426426426425920e-01 -1.478225725344861985e+01
-1.376376376376375887e-01 -1.515987739474723028e+01
-1.326326326326325855e-01 -1.555224642788530431e+01
-1.276276276276275823e-01 -1.596048412385377091e+01
-1.226226226226225791e-01 -1.638584471324774228e+01
-1.176176176176175758e-01 -1.682973931229201980e+01
-1.126126126126125726e-01 -1.729376322836650459e+01
-1.076076076076075694e-01 -1.777972947723159791e+01
-1.026026026026025662e-01 -1.828971028880204486e+01
-9.759759759759756292e-02 -1.882608900110673389e+01
-9.259259259259255970e-02 -1.939162562754371066e+01
-8.758758758758755647e-02 -1.998954066231121729e+01
-8.258258258258255324e-02 -2.062362357219677023e+01
-7.757757757757755002e-02 -2.129837525010434973e+01
-7.257257257257254679e-02 -2.201919804477999065e+01
-6.756756756756754356e-02 -2.279265380728868706e+01
-6.256256256256254034e-02 -2.362682143615953123e+01
-5.755755755755753711e-02 -2.453180383492985683e+01
-5.255255255255253388e-02 -2.552046609543397793e+01
-4.754754754754753066e-02 -2.660954428118577653e+01
-4.254254254254252743e-02 -2.782137325359876812e+01
-3.753753753753752420e-02 -2.918670101639324699e+01
-3.253253253253252097e-02 -3.074952899996874578e+01
-2.752752752752751775e-02 -3.257602739789312807e+01
-2.252252252252251452e-02 -3.477249245619000817e+01
-1.751751751751751129e-02 -3.752622160661990591e+01
-1.251251251251250807e-02 -4.121686865316132042e+01
-7.507507507507504840e-03 -4.682558377164170338e+01
-2.502502502502501613e-03 -5.890013155774246201e+01
2.502502502502501613e-03 -5.889012156862833081e+01
7.507507507507504840e-03 -4.679555430578347597e+01
1.251251251251250807e-02 -4.116682121486072532e+01
1.751751751751751129e-02 -3.745615870254398061e+01
2.252252252252251452e-02 -3.468241759461735541e+01
2.752752752752751775e-02 -3.246594508765862486e+01
3.253253253253252097e-02 -3.061944474910677627e+01
3.753753753753752420e-02 -2.903662133047941651e+01
4.254254254254252743e-02 -2.765130563379008422e+01
4.754754754754753066e-02 -2.641949722195930406e+01
5.255255255255253388e-02 -2.531044908202392918e+01
5.755755755755753711e-02 -2.430182734046308113e+01
6.256256256256254034e-02 -2.337689691848937201e+01
6.756756756756754356e-02 -2.252279370552714610e+01
7.257257257257254679e-02 -2.172941577552809278e+01
7.757757757757755002e-02 -2.098868520338064059e+01
8.258258258258255324e-02 -2.029404110706379427e+01
8.758758758758755647e-02 -1.964008210219982686e+01
9.259259259259255970e-02 -1.902230825527500713e+01
9.759759759759756292e-02 -1.843693105361142059e+01
1.026026026026025662e-01 -1.788073095153689707e+01
1.076076076076075694e-01 -1.735094887829275478e+01
1.126126126126125726e-01 -1.684520243229916758e+01
1.176176176176175758e-01 -1.636142031359615601e+01
1.226226226226225791e-01 -1.589779042957925626e+01
1.276276276276275823e-01 -1.545271838892062277e+01
1.326326326326325855e-01 -1.502479398403787059e+01
1.376376376376375887e-01 -1.461276388526221126e+01
1.426426426426425920e-01 -1.421550921450567095e+01
1.476476476476475952e-01 -1.383202698808544717e+01
1.526526526526525984e-01 -1.346141465430979878e+01
1.576576576576576016e-01 -1.310285712643116440e+01
1.626626626626626049e-01 -1.275561584278679739e+01
1.676676676676676081e-01 -1.241901948532650479e+01
1.726726726726726113e-01 -1.209245606370612158e+01
1.776776776776776146e-01 -1.177536613072514626e+01
1.826826826826826178e-01 -1.146723694045652664e+01
1.876876876876876210e-01 -1.116759739612679070e+01
1.926926926926926242e-01 -1.087601366299277217e+01
1.976976976976976275e-01 -1.059208534386370459e+01
2.027027027027026307e-01 -1.031544213283735090e+01
2.077077077077076339e-01 -1.004574087724017772e+01
2.127127127127126371e-01 -9.782662989434790290e+00
2.177177177177176404e-01 -9.525912159658439293e+00
2.227227227227226436e-01 -9.275212328828555286e+00
2.277277277277276468e-01 -9.030305886641533775e+00
2.327327327327326500e-01 -8.790952065569118901e+00
2.377377377377376533e-01 -8.556925505736334259e+00
2.427427427427426565e-01 -8.328014969314196492e+00
2.477477477477476597e-01 -8.104022186113816417e+00
2.527527527527526630e-01 -7.884760814633062331e+00
2.577577577577576662e-01 -7.670055504969204740e+00
2.627627627627626694e-01 -7.459741051840384607e+00
2.677677677677676726e-01 -7.253661627511990950e+00
2.727727727727726759e-01 -7.051670085747082872e+00
2.777777777777776791e-01 -6.853627329030513415e+00
2.827827827827826823e-01 -6.659401732285509468e+00
2.877877877877876855e-01 -6.468868617134305055e+00
2.927927927927926888e-01 -6.281909771472540704e+00
2.977977977977976920e-01 -6.098413009747871705e+00
3.028028028028026952e-01 -5.918271769870923293e+00
3.078078078078076985e-01 -5.741384743154280379e+00
3.128128128128127017e-01 -5.567655534082036617e+00
3.178178178178177049e-01 -5.396992347067875784e+00
3.228228228228227081e-01 -5.229307697670449784e+00
3.278278278278277114e-01 -5.064518146007520372e+00
3.328328328328327146e-01 -4.902544050349855631e+00
3.378378378378377178e-01 -4.743309339086834164e+00
3.428428428428427210e-01 -4.586741299441897013e+00
3.478478478478477243e-01 -4.432770381480451327e+00
3.528528528528527275e-01 -4.281330016098666036e+00
3.578578578578577307e-01 -4.132356445810835055e+00
3.628628628628627339e-01 -3.985788567267976035e+00
3.678678678678677372e-01 -3.841567784542712083e+00
3.728728728728727404e-01 -3.699637872306640318e+00
3.778778778778777436e-01 -3.559944848108117732e+00
3.828828828828827469e-01 -3.422436853031139314e+00
3.878878878878877501e-01 -3.287064040081603800e+00
3.928928928928927533e-01 -3.153778469705676102e+00
3.978978978978977565e-01 -3.022534011897898054e+00
4.029029029029027598e-01 -2.893286254404030089e+00
4.079079079079077630e-01 -2.765992416566406931e+00
4.129129129129127662e-01 -2.640611268398196820e+00
4.179179179179177694e-01 -2.517103054507838777e+00
4.229229229229227727e-01 -2.395429422526391683e+00
4.279279279279277759e-01 -2.275553355719297954e+00
4.329329329329327791e-01 -2.157439109489748041e+00
4.379379379379377824e-01 -2.041052151504600509e+00
4.429429429429427856e-01 -1.926359105195037280e+00
4.479479479479477888e-01 -1.813327696403723266e+00
4.529529529529527920e-01 -1.701926702967902827e+00
4.579579579579577953e-01 -1.592125907044108502e+00
4.629629629629627985e-01 -1.483896049994929633e+00
4.679679679679678017e-01 -1.377208789671716893e+00
4.729729729729728049e-01 -1.272036659939574932e+00
4.779779779779778082e-01 -1.168353032302213990e+00
4.829829829829828114e-01 -1.066132079494647833e+00
4.879879879879878146e-01 -9.653487409212537784e-01
4.929929929929928178e-01 -8.659786898253809539e-01
4.979979979979978211e-01 -7.679983020848384356e-01
5.030030030030028243e-01 -6.713846265348726305e-01
5.080080080080078275e-01 -5.761153567271373177e-01
5.130130130130128308e-01 -4.821688040393752317e-01
5.180180180180178340e-01 -3.895238720563245494e-01
5.230230230230228372e-01 -2.981600321477575477e-01
5.280280280280278404e-01 -2.080573001743895034e-01
5.330330330330328437e-01 -1.191962142570703875e-01
5.380380380380378469e-01 -3.155781354879128031e-02
5.430430430430428501e-01 5.487638204697642408e-02
5.480480480480478533e-01 1.401243912645195877e-01
5.530530530530528566e-01 2.242037900202280554e-01
5.580580580580578598e-01 3.071317291594946042e-01
5.630630630630628630e-01 3.889249514496402327e-01
5.680680680680678662e-01 4.695998078597680703e-01
5.730730730730728695e-01 5.491722731658548184e-01
5.780780780780778727e-01 6.276579609170882534e-01
5.830830830830828759e-01 7.050721377973196979e-01
5.880880880880878792e-01 7.814297374134548946e-01
5.930930930930928824e-01 8.567453735407246640e-01
5.980980980980978856e-01 9.310333528530527758e-01
6.031031031031028888e-01 1.004307687165051810e+00
6.081081081081078921e-01 1.076582105210711404e+00
6.131131131131128953e-01 1.147870063982343147e+00
6.181181181181178985e-01 1.218184759652084281e+00
6.231231231231229017e-01 1.287539138096930103e+00
6.281281281281279050e-01 1.355945905047181377e+00
6.331331331331329082e-01 1.423417535877040230e+00
6.381381381381379114e-01 1.489966285055062123e+00
6.431431431431429147e-01 1.555604195271239831e+00
6.481481481481479179e-01 1.620343106256578736e+00
6.531531531531529211e-01 1.684194663310151441e+00
6.581581581581579243e-01 1.747170325547867442e+00
6.631631631631629276e-01 1.809281373886402200e+00
6.681681681681679308e-01 1.870538918775070947e+00
6.731731731731729340e-01 1.930953907687721127e+00
6.781781781781779372e-01 1.990537132386149821e+00
6.831831831831829405e-01 2.049299235965928112e+00
6.881881881881879437e-01 2.107250719694968133e+00
6.931931931931929469e-01 2.164401949654686241e+00
6.981981981981979501e-01 2.220763163193052669e+00
7.032032032032029534e-01 2.276344475198448514e+00
7.082082082082084007e-01 2.331155884202751771e+00
7.132132132132134039e-01 2.385207278321637148e+00
7.182182182182184071e-01 2.438508441039837216e+00
7.232232232232234104e-01 2.491069056848524088e+00
7.282282282282284136e-01 2.542898716741797127e+00
7.332332332332334168e-01 2.594006923578874968e+00
7.382382382382384201e-01 2.644403097318293483e+00
7.432432432432434233e-01 2.694096580130063590e+00
7.482482482482484265e-01 2.743096641391574941e+00
7.532532532532534297e-01 2.791412482572650955e+00
7.582582582582584330e-01 2.839053242015002976e+00
7.632632632632634362e-01 2.886027999611040507e+00
7.682682682682684394e-01 2.932345781386810124e+00
7.732732732732734426e-01 2.978015563993580805e+00
7.782782782782784459e-01 3.023046279112442836e+00
7.832832832832834491e-01 3.067446817776052992e+00
7.882882882882884523e-01 3.111226034611517477e+00
7.932932932932934555e-01 3.154392752008190914e+00
7.982982982982984588e-01 3.196955764214042706e+00
8.033033033033034620e-01 3.238923841364075074e+00
8.083083083083084652e-01 3.280305733444115468e+00
8.133133133133134685e-01 3.321110174193196762e+00
8.183183183183184717e-01 3.361345884947573914e+00
8.233233233233234749e-01 3.401021578429319625e+00
8.283283283283284781e-01 3.440145962482319852e+00
8.333333333333334814e-01 3.478727743758371016e+00
8.383383383383384846e-01 3.516775631355951504e+00
8.433433433433434878e-01 3.554298340414200563e+00
8.483483483483484910e-01 3.591304595664449373e+00
8.533533533533534943e-01 3.627803134941621099e+00
8.583583583583584975e-01 3.663802712657724392e+00
8.633633633633635007e-01 3.699312103239519089e+00
8.683683683683685040e-01 3.734340104532433813e+00
8.733733733733735072e-01 3.768895541172669894e+00
8.783783783783785104e-01 3.802987267929403004e+00
8.833833833833835136e-01 3.836624173018870820e+00
8.883883883883885169e-01 3.869815181392116443e+00
8.933933933933935201e-01 3.902569257998058649e+00
8.983983983983985233e-01 3.934895411023530354e+00
9.034034034034035265e-01 3.966802695111814714e+00
9.084084084084085298e-01 3.998300214561218979e+00
9.134134134134135330e-01 4.029397126505115168e+00
9.184184184184185362e-01 4.060102644074865985e+00
9.234234234234235394e-01 4.090426039546973591e+00
9.284284284284285427e-01 4.120376647475762155e+00
9.334334334334335459e-01 4.149963867812843432e+00
9.384384384384385491e-01 4.179197169014607915e+00
9.434434434434435524e-01 4.208086091138880214e+00
9.484484484484485556e-01 4.236640248931905717e+00
9.534534534534535588e-01 4.264869334906729925e+00
9.584584584584585620e-01 4.292783122414079777e+00
9.634634634634635653e-01 4.320391468706718641e+00
9.684684684684685685e-01 4.347704317998310586e+00
9.734734734734735717e-01 4.374731704517724751e+00
9.784784784784785749e-01 4.401483755559729261e+00
9.834834834834835782e-01 4.427970694532965545e+00
9.884884884884885814e-01 4.454202844006076134e+00
9.934934934934935846e-01 4.480190628752818149e+00
9.984984984984985878e-01 4.505944578797023148e+00
1.003503503503503591e+00 4.531475332458136940e+00
1.008508508508508594e+00 4.556793639398151186e+00
1.013513513513513598e+00 4.581910363670674613e+00
1.018518518518518601e+00 4.606836486772841077e+00
1.023523523523523604e+00 4.631583110700774775e+00
1.028528528528528607e+00 4.656161461009308056e+00
1.033533533533533610e+00 4.680582889876578001e+00
1.038538538538538614e+00 4.704858879174203423e+00
1.043543543543543617e+00 4.729001043543602734e+00
1.048548548548548620e+00 4.753021133479112592e+00
1.053553553553553623e+00 4.776931038418487319e+00
1.058558558558558627e+00 4.800742789841329738e+00
1.063563563563563630e+00 4.824468564376065416e+00
1.068568568568568633e+00 4.848120686915945221e+00
1.073573573573573636e+00 4.871711633744659764e+00
1.078578578578578639e+00 4.895254035672055970e+00
1.083583583583583643e+00 4.918760681180470051e+00
1.088588588588588646e+00 4.942244519582160045e+00
1.093593593593593649e+00 4.965718664188329967e+00
1.098598598598598652e+00 4.989196395490204772e+00
1.103603603603603656e+00 5.012691164352616191e+00
1.108608608608608659e+00 5.036216595220537329e+00
1.113613613613613662e+00 5.059786489339014537e+00
1.118618618618618665e+00 5.083414827986906026e+00
1.123623623623623669e+00 5.107115775724857087e+00
1.128628628628628672e+00 5.130903683657896508e+00
1.133633633633633675e+00 5.154793092713074287e+00
1.138638638638638678e+00 5.178798736932512803e+00
1.143643643643643681e+00 5.202935546782245346e+00
1.148648648648648685e+00 5.227218652477230165e+00
1.153653653653653688e+00 5.251663387322893506e+00
1.158658658658658691e+00 5.276285291073541828e+00
1.163663663663663694e+00 5.301100113308020667e+00
1.168668668668668698e+00 5.326123816822934565e+00
1.173673673673673701e+00 5.351372581043770893e+00
1.178678678678678704e+00 5.376862805454267757e+00
1.183683683683683707e+00 5.402611113044310187e+00
1.188688688688688710e+00 5.428634353776710775e+00
1.193693693693693714e+00 5.454949608073159872e+00
1.198698698698698717e+00 5.481574190319648210e+00
1.203703703703703720e+00 5.508525652391663030e+00
1.208708708708708723e+00 5.535821787199451727e+00
1.213713713713713727e+00 5.563480632253636315e+00
1.218718718718718730e+00 5.591520473251458512e+00
1.223723723723723733e+00 5.619959847683929866e+00
1.228728728728728736e+00 5.648817548464164950e+00
1.233733733733733740e+00 5.678112627577171168e+00
1.238738738738738743e+00 5.707864399751324314e+00
1.243743743743743746e+00 5.738092446151838999e+00
1.248748748748748749e+00 5.768816618096442639e+00
1.253753753753753752e+00 5.800057040793531904e+00
1.258758758758758756e+00 5.831834117103040782e+00
1.263763763763763759e+00 5.864168531320281375e+00
1.268768768768768762e+00 5.897081252982973254e+00
1.273773773773773765e+00 5.930593540701715405e+00
1.278778778778778769e+00 5.964726946014130782e+00
1.283783783783783772e+00 5.999503317262898427e+00
1.288788788788788775e+00 6.034944803497918286e+00
1.293793793793793778e+00 6.071073858402810330e+00
1.298798798798798781e+00 6.107913244246001128e+00
1.303803803803803785e+00 6.145486035856565721e+00
1.308808808808808788e+00 6.183815624625080609e+00
1.313813813813813791e+00 6.222925722529689452e+00
1.318818818818818794e+00 6.262840366187573338e+00
1.323823823823823798e+00 6.303583920932045892e+00
1.328828828828828801e+00 6.345181084915480163e+00
1.333833833833833804e+00 6.387656893238261802e+00
1.338838838838838807e+00 6.431036722103961267e+00
1.343843843843843811e+00 6.475346293000937337e+00
1.348848848848848814e+00 6.520611676910551324e+00
1.353853853853853817e+00 6.566859298542201628e+00
1.358858858858858820e+00 6.614115940595342025e+00
1.363863863863863823e+00 6.662408748048707530e+00
1.368868868868868827e+00 6.711765232476897935e+00
1.373873873873873830e+00 6.762213276394533068e+00
1.378878878878878833e+00 6.813781137628142304e+00
1.383883883883883836e+00 6.866497453715986410e+00
1.388888888888888840e+00 6.920391246335972468e+00
1.393893893893893843e+00 6.975491925761849288e+00
1.398898898898898846e+00 7.031829295347874265e+00
1.403903903903903849e+00 7.089433556042084916e+00
1.408908908908908852e+00 7.148335310928398023e+00
1.413913913913913856e+00 7.208565569797665162e+00
1.418918918918918859e+00 7.270155753747886251e+00
1.423923923923923862e+00 7.333137699813734756e+00
1.428928928928928865e+00 7.397543665625550879e+00
1.433933933933933869e+00 7.463406334097997252e+00
1.438938938938938872e+00 7.530758818148514777e+00
1.443943943943943875e+00 7.599634665445760717e+00
1.448948948948948878e+00 7.670067863188178237e+00
1.453953953953953881e+00 7.742092842912867034e+00
1.458958958958958885e+00 7.815744485334905178e+00
1.463963963963963888e+00 7.891058125217300656e+00
1.468968968968968891e+00 7.968069556271697884e+00
1.473973973973973894e+00 8.046815036090034567e+00
1.478978978978978898e+00 8.127331291107271483e+00
1.483983983983983901e+00 8.209655521595365713e+00
1.488988988988988904e+00 8.293825406688650759e+00
1.493993993993993907e+00 8.379879109440736329e+00
1.498998998998998911e+00 8.467855281913138299e+00
1.504004004004004358e+00 8.557793070295751647e+00
1.509009009009009361e+00 8.649732120059274720e+00
1.514014014014014364e+00 8.743712581139888584e+00
1.519019019019019368e+00 8.839775113156125741e+00
1.524024024024024371e+00 8.937960890658242619e+00
1.529029029029029374e+00 9.038311608410163345e+00
1.534034034034034377e+00 9.140869486704190194e+00
1.539039039039039380e+00 9.245677276708548220e+00
1.544044044044044384e+00 9.352778265848005645e+00
1.549049049049049387e+00 9.462216283217642854e+00
1.554054054054054390e+00 9.574035705029935173e+00
1.559059059059059393e+00 9.688281460095307551e+00
1.564064064064064397e+00 9.804999035336280144e+00
1.569069069069069400e+00 9.924234481335346914e+00
1.574074074074074403e+00 1.004603441791676488e+01
1.579079079079079406e+00 1.017044603976232153e+01
1.584084084084084409e+00 1.029751712206130598e+01
1.589089089089089413e+00 1.042729602619476026e+01
1.594094094094094416e+00 1.055983170545417238e+01
1.599099099099099419e+00 1.069517371079473023e+01
1.604104104104104422e+00 1.083337219662333339e+01
1.609109109109109426e+00 1.097447792662141453e+01
1.614114114114114429e+00 1.111854227960275310e+01
1.619119119119119432e+00 1.126561725540642911e+01
1.624124124124124435e+00 1.141575548082503744e+01
1.629129129129129439e+00 1.156901021556827303e+01
1.634134134134134442e+00 1.172543535826206096e+01
1.639139139139139445e+00 1.188508545248334158e+01
1.644144144144144448e+00 1.204801569283065277e+01
1.649149149149149451e+00 1.221428193103065851e+01
1.654154154154154455e+00 1.238394068208070209e+01
1.659159159159159458e+00 1.255704913042758264e+01
1.664164164164164461e+00 1.273366513618265650e+01
1.669169169169169464e+00 1.291384724137338225e+01
1.674174174174174468e+00 1.309765467623145341e+01
1.679179179179179471e+00 1.328514736551768749e+01
1.684184184184184474e+00 1.347638593488369629e+01
1.689189189189189477e+00 1.367143171727061102e+01
1.694194194194194480e+00 1.387034675934486749e+01
1.699199199199199484e+00 1.407319382797125940e+01
1.704204204204204487e+00 1.428003641672333579e+01
1.709209209209209490e+00 1.449093875243132246e+01
1.714214214214214493e+00 1.470596580176764689e+01
1.719219219219219497e+00 1.492518327787023935e+01
1.724224224224224500e+00 1.514865764700370043e+01
1.729229229229229503e+00 1.537645613525848631e+01
1.734234234234234506e+00 1.560864673528821811e+01
1.739239239239239510e+00 1.584529821308530728e+01
1.744244244244244513e+00 1.608648011479489881e+01
1.749249249249249516e+00 1.633226277356736489e+01
1.754254254254254519e+00 1.658271731644950009e+01
1.759259259259259522e+00 1.683791567131436651e+01
1.764264264264264526e+00 1.709793057383016901e+01
1.769269269269269529e+00 1.736283557446804338e+01
1.774274274274274532e+00 1.763270504554908058e+01
1.779279279279279535e+00 1.790761418833053398e+01
1.784284284284284539e+00 1.818763904013153621e+01
1.789289289289289542e+00 1.847285648149822990e+01
1.794294294294294545e+00 1.876334424340861773e+01
1.799299299299299548e+00 1.905918091451716023e+01
1.804304304304304551e+00 1.936044594843925992e+01
1.809309309309309555e+00 1.966721967107579871e+01
1.814314314314314558e+00 1.997958328797777483e+01
1.819319319319319561e+00 2.029761889175125589e+01
1.824324324324324564e+00 2.062140946950267306e+01
1.829329329329329568e+00 2.095103891032468368e+01
1.834334334334334571e+00 2.128659201282262359e+01
1.839339339339339574e+00 2.162815449268173040e+01
1.844344344344344577e+00 2.197581299027529056e+01
1.849349349349349581e+00 2.232965507831373486e+01
1.854354354354354584e+00 2.268976926953488871e+01
1.859359359359359587e+00 2.305624502443547641e+01
1.864364364364364590e+00 2.342917275904398622e+01
1.869369369369369593e+00 2.380864385273505945e+01
1.874374374374374597e+00 2.419475065608542508e+01
1.879379379379379600e+00 2.458758649877166036e+01
1.884384384384384603e+00 2.498724569750974922e+01
1.889389389389389606e+00 2.539382356403663010e+01
1.894394394394394610e+00 2.580741641313388612e+01
1.899399399399399613e+00 2.622812157069358463e+01
1.904404404404404616e+00 2.665603738182653970e+01
1.909409409409409619e+00 2.709126321901297985e+01
1.914414414414414622e+00 2.753389949029581629e+01
1.919419419419419626e+00 2.798404764751665041e+01
1.924424424424424629e+00 2.844181019459453807e+01
1.929429429429429632e+00 2.890729069584778443e+01
1.934434434434434635e+00 2.938059378435871594e+01
1.939439439439439639e+00 2.986182517038173501e+01
1.944444444444444642e+00 3.035109164979457219e+01
1.949449449449449645e+00 3.084850111259308392e+01
1.954454454454454648e+00 3.135416255142946440e+01
1.959459459459459651e+00 3.186818607019428029e+01
1.964464464464464655e+00 3.239068289264211842e+01
1.969469469469469658e+00 3.292176537106128364e+01
1.974474474474474661e+00 3.346154699498743668e+01
1.979479479479479664e+00 3.401014239996138855e+01
1.984484484484484668e+00 3.456766737633118680e+01
1.989489489489489671e+00 3.513423887809857149e+01
1.994494494494494674e+00 3.570997503180989696e+01
1.999499499499499677e+00 3.629499514549172545e+01
2.004504504504504681e+00 3.688941971763111383e+01
2.009509509509509684e+00 3.749337044620078530e+01
2.014514514514514687e+00 3.810697023772928560e+01
2.019519519519519690e+00 3.873034321641618760e+01
2.024524524524524693e+00 3.936361473329255745e+01
2.029529529529529697e+00 4.000691137542671783e+01
2.034534534534534700e+00 4.066036097517545755e+01
2.039539539539539703e+00 4.132409261948090773e+01
2.044544544544544706e+00 4.199823665921287841e+01
2.049549549549549710e+00 4.268292471855726689e+01
2.054554554554554713e+00 4.337828970445019650e+01
2.059559559559559716e+00 4.408446581605828385e+01
2.064564564564564719e+00 4.480158855430502030e+01
2.069569569569569722e+00 4.552979473144345945e+01
2.074574574574574726e+00 4.626922248067528187e+01
2.079579579579579729e+00 4.702001126581639312e+01
2.084584584584584732e+00 4.778230189100906955e+01
2.089589589589589735e+00 4.855623651048098566e+01
2.094594594594594739e+00 4.934195863835101648e+01
2.099599599599599742e+00 5.013961315848193578e+01
2.104604604604604745e+00 5.094934633438047200e+01
2.109609609609609748e+00 5.177130581914428831e+01
2.114614614614614752e+00 5.260564066545649098e+01
2.119619619619619755e+00 5.345250133562745276e+01
2.124624624624624758e+00 5.431203971168437761e+01
2.129629629629629761e+00 5.518440910550834388e+01
2.134634634634634764e+00 5.606976426901928789e+01
2.139639639639639768e+00 5.696826140440885666e+01
2.144644644644644771e+00 5.788005817442131473e+01
2.149649649649649774e+00 5.880531371268257601e+01
2.154654654654654777e+00 5.974418863407752411e+01
2.159659659659659781e+00 6.069684504517571355e+01
2.164664664664664784e+00 6.166344655470555125e+01
2.169669669669669787e+00 6.264415828407717157e+01
2.174674674674674790e+00 6.363914687795387692e+01
2.179679679679679793e+00 6.464858051487271950e+01
2.184684684684684797e+00 6.567262891791372681e+01
2.189689689689689800e+00 6.671146336541839617e+01
2.194694694694694803e+00 6.776525670175735172e+01
2.199699699699699806e+00 6.883418334814739126e+01
2.204704704704704810e+00 6.991841931351784467e+01
2.209709709709709813e+00 7.101814220542649991e+01
2.214714714714714816e+00 7.213353124102523850e+01
2.219719719719719819e+00 7.326476725807557955e+01
2.224724724724724823e+00 7.441203272601377705e+01
2.229729729729729826e+00 7.557551175706628044e+01
2.234734734734734829e+00 7.675539011741518891e+01
2.239739739739739832e+00 7.795185523841387010e+01
2.244744744744744835e+00 7.916509622785311251e+01
2.249749749749749839e+00 8.039530388127764127e+01
2.254754754754754842e+00 8.164267069335322446e+01
2.259759759759759845e+00 8.290739086928454071e+01
2.264764764764764848e+00 8.418966033628390733e+01
2.269769769769769852e+00 8.548967675509076969e+01
2.274774774774774855e+00 8.680763953154257706e+01
2.279779779779779858e+00 8.814374982819646220e+01
2.284784784784784861e+00 8.949821057600240692e+01
2.289789789789789864e+00 9.087122648602792196e+01
2.294794794794794868e+00 9.226300406123390019e+01
2.299799799799799871e+00 9.367375160830260938e+01
2.304804804804804874e+00 9.510367924951681573e+01
2.309809809809809877e+00 9.655299893469143058e+01
2.314814814814814881e+00 9.802192445315648683e+01
2.319819819819819884e+00 9.951067144579300816e+01
2.324824824824824887e+00 1.010194574171200941e+02
2.329829829829829890e+00 1.025485017474353526e+02
2.334834834834834894e+00 1.040980257050069753e+02
2.339839839839839897e+00 1.056682524583189036e+02
2.344844844844844900e+00 1.072594070883683059e+02
2.349849849849849903e+00 1.088717166010161748e+02
2.354854854854854906e+00 1.105054099393906029e+02
2.359859859859859910e+00 1.121607179963430241e+02
2.364864864864864913e+00 1.138378736269579719e+02
2.369869869869869916e+00 1.155371116611155031e+02
2.374874874874874919e+00 1.172586689161077089e+02
2.379879879879879923e+00 1.190027842093079897e+02
2.384884884884884926e+00 1.207696983708943890e+02
2.389889889889889929e+00 1.225596542566265725e+02
2.394894894894894932e+00 1.243728967606765110e+02
2.399899899899899935e+00 1.262096728285131491e+02
2.404904904904904939e+00 1.280702314698412465e+02
2.409909909909909942e+00 1.299548237715942207e+02
2.414914914914914945e+00 1.318637029109813739e+02
2.419919919919919948e+00 1.337971241685896473e+02
2.424924924924924952e+00 1.357553449415395903e+02
2.429929929929929955e+00 1.377386247566961401e+02
2.434934934934934958e+00 1.397472252839344264e+02
2.439939939939939961e+00 1.417814103494597759e+02
2.444944944944944965e+00 1.438414459491832815e+02
2.449949949949949968e+00 1.459276002621524810e+02
2.454954954954954971e+00 1.480401436640364636e+02
2.459959959959959974e+00 1.501793487406675069e+02
2.464964964964964977e+00 1.523454903016370849e+02
2.469969969969969981e+00 1.545388453939480371e+02
2.474974974974974984e+00 1.567596933157221599e+02
2.479979979979979987e+00 1.590083156299638745e+02
2.484984984984984990e+00 1.612849961783792025e+02
2.489989989989989994e+00 1.635900210952513589e+02
2.494994994994994997e+00 1.659236788213723344e+02
2.500000000000000000e+00 1.682862601180303557e+02
