-2.500000000000000000e+00 5.021615351975946737e+02
-2.497507507507507718e+00 4.992350162546431989e+02
-2.495015015015014992e+00 4.963229814742874737e+02
-2.492522522522522710e+00 4.934253729448683430e+02
-2.490030030030029984e+00 4.905421329277885434e+02
-2.487537537537537702e+00 4.876732038571716998e+02
-2.485045045045044976e+00 4.848185283395127385e+02
-2.482552552552552694e+00 4.819780491533375084e+02
-2.480060060060059968e+00 4.791517092488543881e+02
-2.477567567567567686e+00 4.763394517476144756e+02
-2.475075075075074960e+00 4.735412199421633090e+02
-2.472582582582582678e+00 4.707569572957020796e+02
-2.470090090090089952e+00 4.679866074417406594e+02
-2.467597597597597670e+00 4.652301141837585305e+02
-2.465105105105104943e+00 4.624874214948588929e+02
-2.462612612612612661e+00 4.597584735174303319e+02
-2.460120120120119935e+00 4.570432145628014382e+02
-2.457627627627627653e+00 4.543415891109035556e+02
-2.455135135135134927e+00 4.516535418099255708e+02
-2.452642642642642645e+00 4.489790174759776278e+02
-2.450150150150149919e+00 4.463179610927466001e+02
-2.447657657657657637e+00 4.436703178111603165e+02
-2.445165165165165355e+00 4.410360329490444542e+02
-2.442672672672672629e+00 4.384150519907847183e+02
-2.440180180180180347e+00 4.358073205869894764e+02
-2.437687687687687621e+00 4.332127845541479587e+02
-2.435195195195195339e+00 4.306313898742952802e+02
-2.432702702702702613e+00 4.280630826946718344e+02
-2.430210210210210331e+00 4.255078093273882587e+02
-2.427717717717717605e+00 4.229655162490855105e+02
-2.425225225225225323e+00 4.204361501006012531e+02
-2.422732732732732597e+00 4.179196576866296482e+02
-2.420240240240240315e+00 4.154159859753888213e+02
-2.417747747747747589e+00 4.129250820982819050e+02
-2.415255255255255307e+00 4.104468933495642773e+02
-2.412762762762762581e+00 4.079813671860055138e+02
-2.410270270270270299e+00 4.055284512265578769e+02
-2.407777777777777573e+00 4.030880932520184956e+02
-2.405285285285285291e+00 4.006602412046983659e+02
-2.402792792792793009e+00 3.982448431880856106e+02
-2.400300300300300282e+00 3.958418474665139684e+02
-2.397807807807808000e+00 3.934512024648298620e+02
-2.395315315315315274e+00 3.910728567680575338e+02
-2.392822822822822992e+00 3.887067591210696378e+02
-2.390330330330330266e+00 3.863528584282519205e+02
-2.387837837837837984e+00 3.840111037531746092e+02
-2.385345345345345258e+00 3.816814443182578316e+02
-2.382852852852852976e+00 3.793638295044437996e+02
-2.380360360360360250e+00 3.770582088508628544e+02
-2.377867867867867968e+00 3.747645320545063896e+02
-2.375375375375375242e+00 3.724827489698932368e+02
-2.372882882882882960e+00 3.702128096087434983e+02
-2.370390390390390234e+00 3.679546641396460132e+02
-2.367897897897897952e+00 3.657082628877322463e+02
-2.365405405405405226e+00 3.634735563343446643e+02
-2.362912912912912944e+00 3.612504951167112495e+02
-2.360420420420420218e+00 3.590390300276146149e+02
-2.357927927927927936e+00 3.568391120150675988e+02
-2.355435435435435210e+00 3.546506921819822651e+02
-2.352942942942942928e+00 3.524737217858465783e+02
-2.350450450450450646e+00 3.503081522383947117e+02
-2.347957957957957920e+00 3.481539351052817892e+02
-2.345465465465465638e+00 3.460110221057598210e+02
-2.342972972972972912e+00 3.438793651123482960e+02
-2.340480480480480630e+00 3.417589161505126185e+02
-2.337987987987987903e+00 3.396496273983362357e+02
-2.335495495495495621e+00 3.375514511861983920e+02
-2.333003003003002895e+00 3.354643399964475634e+02
-2.330510510510510613e+00 3.333882464630798950e+02
-2.328018018018017887e+00 3.313231233714131463e+02
-2.325525525525525605e+00 3.292689236577661518e+02
-2.323033033033032879e+00 3.272256004091325963e+02
-2.320540540540540597e+00 3.251931068628623507e+02
-2.318048048048047871e+00 3.231713964063352478e+02
-2.315555555555555589e+00 3.211604225766426453e+02
-2.313063063063062863e+00 3.191601390602629067e+02
-2.310570570570570581e+00 3.171704996927430216e+02
-2.308078078078077855e+00 3.151914584583747683e+02
-2.305585585585585573e+00 3.132229694898770163e+02
-2.303093093093092847e+00 3.112649870680731397e+02
-2.300600600600600565e+00 3.093174656215731488e+02
-2.298108108108108283e+00 3.073803597264522978e+02
-2.295615615615615557e+00 3.054536241059329313e+02
-2.293123123123123275e+00 3.035372136300663328e+02
-2.290630630630630549e+00 3.016310833154121269e+02
-2.288138138138138267e+00 2.997351883247225715e+02
-2.285645645645645541e+00 2.978494839666223584e+02
-2.283153153153153259e+00 2.959739256952934738e+02
-2.280660660660660533e+00 2.941084691101552835e+02
-2.278168168168168251e+00 2.922530699555509273e+02
-2.275675675675675524e+00 2.904076841204276889e+02
-2.273183183183183242e+00 2.885722676380235043e+02
-2.270690690690690516e+00 2.867467766855489799e+02
-2.268198198198198234e+00 2.849311675838738438e+02
-2.265705705705705508e+00 2.831253967972097030e+02
-2.263213213213213226e+00 2.813294209327978592e+02
-2.260720720720720500e+00 2.795431967405920659e+02
-2.258228228228228218e+00 2.777666811129470830e+02
-2.255735735735735936e+00 2.759998310843025138e+02
-2.253243243243243210e+00 2.742426038308705643e+02
-2.250750750750750928e+00 2.724949566703237451e+02
-2.248258258258258202e+00 2.707568470614798457e+02
-2.245765765765765920e+00 2.690282326039922509e+02
-2.243273273273273194e+00 2.673090710380349151e+02
-2.240780780780780912e+00 2.655993202439937590e+02
-2.238288288288288186e+00 2.638989382421520986e+02
-2.235795795795795904e+00 2.622078831923825533e+02
-2.233303303303303178e+00 2.605261133938334979e+02
-2.230810810810810896e+00 2.588535872846212555e+02
-2.228318318318318170e+00 2.571902634415175157e+02
-2.225825825825825888e+00 2.555361005796423512e+02
-2.223333333333333162e+00 2.538910575521519490e+02
-2.220840840840840880e+00 2.522550933499321957e+02
-2.218348348348348154e+00 2.506281671012877439e+02
-2.215855855855855872e+00 2.490102380716355128e+02
-2.213363363363363145e+00 2.474012656631949483e+02
-2.210870870870870863e+00 2.458012094146820345e+02
-2.208378378378378137e+00 2.442100290009999810e+02
-2.205885885885885855e+00 2.426276842329344277e+02
-2.203393393393393573e+00 2.410541350568446433e+02
-2.200900900900900847e+00 2.394893415543581057e+02
-2.198408408408408565e+00 2.379332639420654232e+02
-2.195915915915915839e+00 2.363858625712124990e+02
-2.193423423423423557e+00 2.348470979273975274e+02
-2.190930930930930831e+00 2.333169306302636130e+02
-2.188438438438438549e+00 2.317953214331966194e+02
-2.185945945945945823e+00 2.302822312230183286e+02
-2.183453453453453541e+00 2.287776210196847728e+02
-2.180960960960960815e+00 2.272814519759803602e+02
-2.178468468468468533e+00 2.257936853772166899e+02
-2.175975975975975807e+00 2.243142826409274164e+02
-2.173483483483483525e+00 2.228432053165677758e+02
-2.170990990990990799e+00 2.213804150852101031e+02
-2.168498498498498517e+00 2.199258737592439843e+02
-2.166006006006005791e+00 2.184795432820723988e+02
-2.163513513513513509e+00 2.170413857278127239e+02
-2.161021021021021227e+00 2.156113633009936166e+02
-2.158528528528528501e+00 2.141894383362554493e+02
-2.156036036036035775e+00 2.127755732980504035e+02
-2.153543543543543493e+00 2.113697307803418255e+02
-2.151051051051051211e+00 2.099718735063044619e+02
-2.148558558558558484e+00 2.085819643280252365e+02
-2.146066066066066202e+00 2.071999662262053619e+02
-2.143573573573573476e+00 2.058258423098597234e+02
-2.141081081081081194e+00 2.044595558160208384e+02
-2.138588588588588468e+00 2.031010701094385524e+02
-2.136096096096096186e+00 2.017503486822847663e+02
-2.133603603603603460e+00 2.004073551538539562e+02
-2.131111111111111178e+00 1.990720532702682704e+02
-2.128618618618618452e+00 1.977444069041788168e+02
-2.126126126126126170e+00 1.964243800544714418e+02
-2.123633633633633444e+00 1.951119368459688417e+02
-2.121141141141141162e+00 1.938070415291369670e+02
-2.118648648648648436e+00 1.925096584797875039e+02
-2.116156156156156154e+00 1.912197521987851019e+02
-2.113663663663663428e+00 1.899372873117507936e+02
-2.111171171171171146e+00 1.886622285687697342e+02
-2.108678678678678864e+00 1.873945408440951894e+02
-2.106186186186186138e+00 1.861341891358561611e+02
-2.103693693693693412e+00 1.848811385657641893e+02
-2.101201201201201130e+00 1.836353543788202387e+02
-2.098708708708708848e+00 1.823968019430211598e+02
-2.096216216216216122e+00 1.811654467490684794e+02
-2.093723723723723840e+00 1.799412544100767377e+02
-2.091231231231231114e+00 1.787241906612802609e+02
-2.088738738738738832e+00 1.775142213597439707e+02
-2.086246246246246105e+00 1.763113124840704131e+02
-2.083753753753753823e+00 1.751154301341109658e+02
-2.081261261261261097e+00 1.739265405306740035e+02
-2.078768768768768815e+00 1.727446100152363044e+02
-2.076276276276276089e+00 1.715696050496520115e+02
-2.073783783783783807e+00 1.704014922158650620e+02
-2.071291291291291081e+00 1.692402382156182910e+02
-2.068798798798798799e+00 1.680858098701668837e+02
-2.066306306306306073e+00 1.669381741199880764e+02
-2.063813813813813791e+00 1.657972980244949497e+02
-2.061321321321321065e+00 1.646631487617472658e+02
-2.058828828828828783e+00 1.635356936281659443e+02
-2.056336336336336501e+00 1.624149000382440988e+02
-2.053843843843843775e+00 1.613007355242618246e+02
-2.051351351351351493e+00 1.601931677359998503e+02
-2.048858858858858767e+00 1.590921644404526205e+02
-2.046366366366366485e+00 1.579976935215439084e+02
-2.043873873873873759e+00 1.569097229798402395e+02
-2.041381381381381477e+00 1.558282209322673282e+02
-2.038888888888888751e+00 1.547531556118239564e+02
-2.036396396396396469e+00 1.536844953672990925e+02
-2.033903903903903743e+00 1.526222086629864521e+02
-2.031411411411411461e+00 1.515662640784026394e+02
-2.028918918918918735e+00 1.505166303080019077e+02
-2.026426426426426453e+00 1.494732761608948408e+02
-2.023933933933933726e+00 1.484361705605643635e+02
-2.021441441441441444e+00 1.474052825445846793e+02
-2.018948948948948718e+00 1.463805812643380193e+02
-2.016456456456456436e+00 1.453620359847342058e+02
-2.013963963963964154e+00 1.443496160839283107e+02
-2.011471471471471428e+00 1.433432910530400193e+02
-2.008978978978978702e+00 1.423430304958733359e+02
-2.006486486486486420e+00 1.413488041286359476e+02
-2.003993993993994138e+00 1.403605817796590145e+02
-2.001501501501501412e+00 1.393783333891174152e+02
-1.999009009009008908e+00 1.384020290087513274e+02
-1.996516516516516404e+00 1.374316388015859616e+02
-1.994024024024024122e+00 1.364671330416537671e+02
-1.991531531531531396e+00 1.355084821137153597e+02
-1.989039039039039114e+00 1.345556565129824946e+02
-1.986546546546546388e+00 1.336086268448390229e+02
-1.984054054054054106e+00 1.326673638245649727e+02
-1.981561561561561380e+00 1.317318382770579603e+02
-1.979069069069069098e+00 1.308020211365580394e+02
-1.976576576576576372e+00 1.298778834463698502e+02
-1.974084084084084090e+00 1.289593963585878953e+02
-1.971591591591591586e+00 1.280465311338195988e+02
-1.969099099099099082e+00 1.271392591409105961e+02
-1.966606606606606578e+00 1.262375518566697963e+02
-1.964114114114114074e+00 1.253413808655939903e+02
-1.961621621621621570e+00 1.244507178595938228e+02
-1.959129129129129065e+00 1.235655346377197787e+02
-1.956636636636636561e+00 1.226858031058881693e+02
-1.954144144144144057e+00 1.218114952766077579e+02
-1.951651651651651553e+00 1.209425832687066844e+02
-1.949159159159159049e+00 1.200790393070596593e+02
-1.946666666666666767e+00 1.192208357223155559e+02
-1.944174174174174041e+00 1.183679449506249171e+02
-1.941681681681681759e+00 1.175203395333689258e+02
-1.939189189189189033e+00 1.166779921168867418e+02
-1.936696696696696751e+00 1.158408754522057080e+02
-1.934204204204204025e+00 1.150089623947691564e+02
-1.931711711711711743e+00 1.141822259041671543e+02
-1.929219219219219017e+00 1.133606390438650493e+02
-1.926726726726726735e+00 1.125441749809349119e+02
-1.924234234234234009e+00 1.117328069857847623e+02
-1.921741741741741727e+00 1.109265084318904684e+02
-1.919249249249249223e+00 1.101252527955257818e+02
-1.916756756756756719e+00 1.093290136554947196e+02
-1.914264264264264215e+00 1.085377646928627513e+02
-1.911771771771771711e+00 1.077514796906889956e+02
-1.909279279279279207e+00 1.069701325337587434e+02
-1.906786786786786703e+00 1.061936972083161237e+02
-1.904294294294294199e+00 1.054221478017970242e+02
-1.901801801801801695e+00 1.046554585025627233e+02
-1.899309309309309191e+00 1.038936035996332805e+02
-1.896816816816816686e+00 1.031365574824218783e+02
-1.894324324324324405e+00 1.023842946404689371e+02
-1.891831831831831678e+00 1.016367896631766428e+02
-1.889339339339339396e+00 1.008940172395445813e+02
-1.886846846846846670e+00 1.001559521579040677e+02
-1.884354354354354388e+00 9.942256930565480388e+01
-1.881861861861861662e+00 9.869384366899983263e+01
-1.879369369369369380e+00 9.796975033268280697e+01
-1.876876876876876654e+00 9.725026447972356891e+01
-1.874384384384384372e+00 9.653536139115603021e+01
-1.871891891891891868e+00 9.582501644576460365e+01
-1.869399399399399364e+00 9.511920511982226856e+01
-1.866906906906906860e+00 9.441790298682819582e+01
-1.864414414414414356e+00 9.372108571724605497e+01
-1.861921921921921852e+00 9.302872907824250603e+01
-1.859429429429429348e+00 9.234080893342598984e+01
-1.856936936936936844e+00 9.165730124258585931e+01
-1.854444444444444340e+00 9.097818206143195141e+01
-1.851951951951951836e+00 9.030342754133425842e+01
-1.849459459459459332e+00 8.963301392906316778e+01
-1.846966966966967050e+00 8.896691756652981553e+01
-1.844474474474474324e+00 8.830511489052656771e+01
-1.841981981981982042e+00 8.764758243246878067e+01
-1.839489489489489316e+00 8.699429681813528248e+01
-1.836996996996997034e+00 8.634523476741090064e+01
-1.834504504504504308e+00 8.570037309402769665e+01
-1.832012012012012026e+00 8.505968870530816162e+01
-1.829519519519519299e+00 8.442315860190686294e+01
-1.827027027027027017e+00 8.379075987755440735e+01
-1.824534534534534513e+00 8.316246971879985495e+01
-1.822042042042042009e+00 8.253826540475489537e+01
-1.819549549549549505e+00 8.191812430683751245e+01
-1.817057057057057001e+00 8.130202388851620299e+01
-1.814564564564564497e+00 8.068994170505459351e+01
-1.812072072072071993e+00 8.008185540325621332e+01
-1.809579579579579489e+00 7.947774272120970807e+01
-1.807087087087086985e+00 7.887758148803433755e+01
-1.804594594594594481e+00 7.828134962362565830e+01
-1.802102102102101977e+00 7.768902513840177448e+01
-1.799609609609609695e+00 7.710058613304968844e+01
-1.797117117117116969e+00 7.651601079827180740e+01
-1.794624624624624687e+00 7.593527741453361557e+01
-1.792132132132131961e+00 7.535836435181018089e+01
-1.789639639639639679e+00 7.478525006933463715e+01
-1.787147147147146953e+00 7.421591311534542967e+01
-1.784654654654654671e+00 7.365033212683526642e+01
-1.782162162162161945e+00 7.308848582929910265e+01
-1.779669669669669663e+00 7.253035303648371723e+01
-1.777177177177176937e+00 7.197591265013608108e+01
-1.774684684684684655e+00 7.142514365975387136e+01
-1.772192192192192151e+00 7.087802514233442253e+01
-1.769699699699699647e+00 7.033453626212548215e+01
-1.767207207207207142e+00 6.979465627037529885e+01
-1.764714714714714638e+00 6.925836450508363384e+01
-1.762222222222222134e+00 6.872564039075268738e+01
-1.759729729729729630e+00 6.819646343813846556e+01
-1.757237237237237126e+00 6.767081324400260200e+01
-1.754744744744744622e+00 6.714866949086417947e+01
-1.752252252252252118e+00 6.663001194675217675e+01
-1.749759759759759614e+00 6.611482046495797249e+01
-1.747267267267267332e+00 6.560307498378838886e+01
-1.744774774774774606e+00 6.509475552631853645e+01
-1.742282282282282324e+00 6.458984220014603750e+01
-1.739789789789789598e+00 6.408831519714398439e+01
-1.737297297297297316e+00 6.359015479321589481e+01
-1.734804804804804590e+00 6.309534134804942340e+01
-1.732312312312312308e+00 6.260385530487172900e+01
-1.729819819819819582e+00 6.211567719020393952e+01
-1.727327327327327300e+00 6.163078761361704494e+01
-1.724834834834834796e+00 6.114916726748703013e+01
-1.722342342342342292e+00 6.067079692675116576e+01
-1.719849849849849788e+00 6.019565744866413581e+01
-1.717357357357357284e+00 5.972372977255462700e+01
-1.714864864864864780e+00 5.925499491958208864e+01
-1.712372372372372276e+00 5.878943399249390467e+01
-1.709879879879879772e+00 5.832702817538292805e+01
-1.707387387387387268e+00 5.786775873344516441e+01
-1.704894894894894763e+00 5.741160701273776823e+01
-1.702402402402402259e+00 5.695855443993743705e+01
-1.699909909909909977e+00 5.650858252209911825e+01
-1.697417417417417251e+00 5.606167284641468740e+01
-1.694924924924924969e+00 5.561780707997260720e+01
-1.692432432432432243e+00 5.517696696951696822e+01
-1.689939939939939961e+00 5.473913434120777310e+01
-1.687447447447447235e+00 5.430429110038059548e+01
-1.684954954954954953e+00 5.387241923130751076e+01
-1.682462462462462227e+00 5.344350079695719558e+01
-1.679969969969969945e+00 5.301751793875661178e+01
-1.677477477477477441e+00 5.259445287635161748e+01
-1.674984984984984937e+00 5.217428790736906308e+01
-1.672492492492492433e+00 5.175700540717844689e+01
-1.669999999999999929e+00 5.134258782865409643e+01
-1.667507507507507425e+00 5.093101770193765532e+01
-1.665015015015014921e+00 5.052227763420083306e+01
-1.662522522522522417e+00 5.011635030940842483e+01
-1.660030030030029913e+00 4.971321848808165811e+01
-1.657537537537537409e+00 4.931286500706178799e+01
-1.655045045045044905e+00 4.891527277927401940e+01
-1.652552552552552623e+00 4.852042479349172766e+01
-1.650060060060059897e+00 4.812830411410076437e+01
-1.647567567567567615e+00 4.773889388086457330e+01
-1.645075075075074889e+00 4.735217730868876629e+01
-1.642582582582582607e+00 4.696813768738699224e+01
-1.640090090090089880e+00 4.658675838144598202e+01
-1.637597597597597598e+00 4.620802282979200726e+01
-1.635105105105104872e+00 4.583191454555655042e+01
-1.632612612612612590e+00 4.545841711584328237e+01
-1.630120120120119864e+00 4.508751420149425115e+01
-1.627627627627627582e+00 4.471918953685749898e+01
-1.625135135135135078e+00 4.435342692955384081e+01
-1.622642642642642574e+00 4.399021026024481529e+01
-1.620150150150150070e+00 4.362952348240037281e+01
-1.617657657657657566e+00 4.327135062206710359e+01
-1.615165165165165062e+00 4.291567577763657937e+01
-1.612672672672672558e+00 4.256248311961416420e+01
-1.610180180180180054e+00 4.221175689038786061e+01
-1.607687687687687550e+00 4.186348140399765327e+01
-1.605195195195195046e+00 4.151764104590500182e+01
-1.602702702702702542e+00 4.117422027276262497e+01
-1.600210210210210260e+00 4.083320361218464001e+01
-1.597717717717717534e+00 4.049457566251666663e+01
-1.595225225225225252e+00 4.015832109260689720e+01
-1.592732732732732526e+00 3.982442464157644935e+01
-1.590240240240240244e+00 3.949287111859101174e+01
-1.587747747747747518e+00 3.916364540263175797e+01
-1.585255255255255236e+00 3.883673244226758214e+01
-1.582762762762762510e+00 3.851211725542658115e+01
-1.580270270270270228e+00 3.818978492916863843e+01
-1.577777777777777724e+00 3.786972061945760260e+01
-1.575285285285285219e+00 3.755190955093432592e+01
-1.572792792792792715e+00 3.723633701668943985e+01
-1.570300300300300211e+00 3.692298837803686951e+01
-1.567807807807807707e+00 3.661184906428714214e+01
-1.565315315315315203e+00 3.630290457252137060e+01
-1.562822822822822699e+00 3.599614046736522255e+01
-1.560330330330330195e+00 3.569154238076325214e+01
-1.557837837837837691e+00 3.538909601175352293e+01
-1.555345345345345187e+00 3.508878712624242979e+01
-1.552852852852852905e+00 3.479060155677976240e+01
-1.550360360360360179e+00 3.449452520233402453e+01
-1.547867867867867897e+00 3.420054402806821514e+01
-1.545375375375375171e+00 3.390864406511539642e+01
-1.542882882882882889e+00 3.361881141035513565e+01
-1.540390390390390163e+00 3.333103222618952088e+01
-1.537897897897897881e+00 3.304529274032011443e+01
-1.535405405405405155e+00 3.276157924552445166e+01
-1.532912912912912873e+00 3.247987809943356297e+01
-1.530420420420420369e+00 3.220017572430887043e+01
-1.527927927927927865e+00 3.192245860682018233e+01
-1.525435435435435361e+00 3.164671329782328613e+01
-1.522942942942942857e+00 3.137292641213817745e+01
-1.520450450450450353e+00 3.110108462832731391e+01
-1.517957957957957849e+00 3.083117468847419929e+01
-1.515465465465465345e+00 3.056318339796219874e+01
-1.512972972972972840e+00 3.029709762525364525e+01
-1.510480480480480336e+00 3.003290430166900293e+01
-1.507987987987987832e+00 2.977059042116650289e+01
-1.505495495495495550e+00 2.951014304012191047e+01
-1.503003003003002824e+00 2.925154927710829611e+01
-1.500510510510510542e+00 2.899479631267669433e+01
-1.498018018018017816e+00 2.873987138913603445e+01
-1.495525525525525312e+00 2.848676181033430055e+01
-1.493033033033033030e+00 2.823545494143915136e+01
-1.490540540540540526e+00 2.798593820871910864e+01
-1.488048048048048022e+00 2.773819909932502981e+01
-1.485555555555555518e+00 2.749222516107159464e+01
-1.483063063063063014e+00 2.724800400221920071e+01
-1.480570570570570510e+00 2.700552329125595463e+01
-1.478078078078078006e+00 2.676477075667988359e+01
-1.475585585585585502e+00 2.652573418678154127e+01
-1.473093093093092998e+00 2.628840142942656399e+01
-1.470600600600600494e+00 2.605276039183867809e+01
-1.468108108108107990e+00 2.581879904038277473e+01
-1.465615615615615486e+00 2.558650540034823351e+01
-1.463123123123122982e+00 2.535586755573252304e+01
-1.460630630630630478e+00 2.512687364902492249e+01
-1.458138138138137974e+00 2.489951188099050228e+01
-1.455645645645645470e+00 2.467377051045424352e+01
-1.453153153153152966e+00 2.444963785408549839e+01
-1.450660660660660461e+00 2.422710228618252515e+01
-1.448168168168167957e+00 2.400615223845723989e+01
-1.445675675675675453e+00 2.378677619982025959e+01
-1.443183183183183171e+00 2.356896271616603400e+01
-1.440690690690690667e+00 2.335270039015821908e+01
-1.438198198198198163e+00 2.313797788101527075e+01
-1.435705705705705659e+00 2.292478390429621271e+01
-1.433213213213213155e+00 2.271310723168655343e+01
-1.430720720720720651e+00 2.250293669078443060e+01
-1.428228228228228147e+00 2.229426116488698995e+01
-1.425735735735735643e+00 2.208706959277681392e+01
-1.423243243243243139e+00 2.188135096850870198e+01
-1.420750750750750635e+00 2.167709434119648648e+01
-1.418258258258258131e+00 2.147428881480011142e+01
-1.415765765765765627e+00 2.127292354791287465e+01
-1.413273273273273123e+00 2.107298775354882636e+01
-1.410780780780780619e+00 2.087447069893034879e+01
-1.408288288288288115e+00 2.067736170527589579e+01
-1.405795795795795611e+00 2.048165014758794555e+01
-1.403303303303303107e+00 2.028732545444107416e+01
-1.400810810810810603e+00 2.009437710777018893e+01
-1.398318318318318099e+00 1.990279464265896081e+01
-1.395825825825825595e+00 1.971256764712840948e+01
-1.393333333333333313e+00 1.952368576192562344e+01
-1.390840840840840809e+00 1.933613868031260807e+01
-1.388348348348348305e+00 1.914991614785539298e+01
-1.385855855855855800e+00 1.896500796221319618e+01
-1.383363363363363296e+00 1.878140397292774821e+01
-1.380870870870870792e+00 1.859909408121279739e+01
-1.378378378378378288e+00 1.841806823974371099e+01
-1.375885885885885784e+00 1.823831645244727895e+01
-1.373393393393393280e+00 1.805982877429158862e+01
-1.370900900900900776e+00 1.788259531107608780e+01
-1.368408408408408272e+00 1.770660621922175082e+01
-1.365915915915915768e+00 1.753185170556137251e+01
-1.363423423423423264e+00 1.735832202713004335e+01
-1.360930930930930760e+00 1.718600749095564595e+01
-1.358438438438438256e+00 1.701489845384958244e+01
-1.355945945945945752e+00 1.684498532219754452e+01
-1.353453453453453248e+00 1.667625855175045402e+01
-1.350960960960960744e+00 1.650870864741546740e+01
-1.348468468468468240e+00 1.634232616304712593e+01
-1.345975975975975958e+00 1.617710170123861246e+01
-1.343483483483483454e+00 1.601302591311305079e+01
-1.340990990990990950e+00 1.585008949811502710e+01
-1.338498498498498446e+00 1.568828320380209718e+01
-1.336006006006005942e+00 1.552759782563644819e+01
-1.333513513513513438e+00 1.536802420677661729e+01
-1.331021021021020934e+00 1.520955323786933810e+01
-1.328528528528528430e+00 1.505217585684141746e+01
-1.326036036036035926e+00 1.489588304869177371e+01
-1.323543543543543421e+00 1.474066584528346446e+01
-1.321051051051050917e+00 1.458651532513585636e+01
-1.318558558558558413e+00 1.443342261321681619e+01
-1.316066066066065909e+00 1.428137888073502992e+01
-1.313573573573573405e+00 1.413037534493232528e+01
-1.311081081081080901e+00 1.398040326887607598e+01
-1.308588588588588397e+00 1.383145396125168958e+01
-1.306096096096095893e+00 1.368351877615509515e+01
-1.303603603603603389e+00 1.353658911288534128e+01
-1.301111111111110885e+00 1.339065641573718146e+01
-1.298618618618618381e+00 1.324571217379374666e+01
-1.296126126126126099e+00 1.310174792071923555e+01
-1.293633633633633595e+00 1.295875523455158529e+01
-1.291141141141141091e+00 1.281672573749531985e+01
-1.288648648648648587e+00 1.267565109571423854e+01
-1.286156156156156083e+00 1.253552301912426614e+01
-1.283663663663663579e+00 1.239633326118624090e+01
-1.281171171171171075e+00 1.225807361869873979e+01
-1.278678678678678571e+00 1.212073593159092511e+01
-1.276186186186186067e+00 1.198431208271535553e+01
-1.273693693693693563e+00 1.184879399764084518e+01
-1.271201201201201059e+00 1.171417364444525688e+01
-1.268708708708708555e+00 1.158044303350835413e+01
-1.266216216216216051e+00 1.144759421730456062e+01
-1.263723723723723547e+00 1.131561929019575707e+01
-1.261231231231231042e+00 1.118451038822403554e+01
-1.258738738738738538e+00 1.105425968890439314e+01
-1.256246246246246034e+00 1.092485941101744018e+01
-1.253753753753753530e+00 1.079630181440202641e+01
-1.251261261261261026e+00 1.066857919974783009e+01
-1.248768768768768522e+00 1.054168390838792213e+01
-1.246276276276276240e+00 1.041560832209122189e+01
-1.243783783783783736e+00 1.029034486285490146e+01
-1.241291291291291232e+00 1.016588599269680060e+01
-1.238798798798798728e+00 1.004222421344763205e+01
-1.236306306306306224e+00 9.919352066543220658e+00
-1.233813813813813720e+00 9.797262132816586089e+00
-1.231321321321321216e+00 9.675947032289968774e+00
-1.228828828828828712e+00 9.555399423966733252e+00
-1.226336336336336208e+00 9.435612005623207565e+00
-1.223843843843843704e+00 9.316577513600348581e+00
-1.221351351351351200e+00 9.198288722595343359e+00
-1.218858858858858696e+00 9.080738445453059526e+00
-1.216366366366366192e+00 8.963919532957387304e+00
-1.213873873873873688e+00 8.847824873622402109e+00
-1.211381381381381184e+00 8.732447393483415254e+00
-1.208888888888888680e+00 8.617780055887902080e+00
-1.206396396396396176e+00 8.503815861286184941e+00
-1.203903903903903672e+00 8.390547847022027383e+00
-1.201411411411411168e+00 8.277969087123027592e+00
-1.198918918918918886e+00 8.166072692090850182e+00
-1.196426426426426382e+00 8.054851808691200432e+00
-1.193933933933933877e+00 7.944299619743715013e+00
-1.191441441441441373e+00 7.834409343911570289e+00
-1.188948948948948869e+00 7.725174235490875674e+00
-1.186456456456456365e+00 7.616587584199903560e+00
-1.183963963963963861e+00 7.508642714968036813e+00
-1.181471471471471357e+00 7.401332987724506651e+00
-1.178978978978978853e+00 7.294651797186892495e+00
-1.176486486486486349e+00 7.188592572649341150e+00
-1.173993993993993845e+00 7.083148777770553295e+00
-1.171501501501501341e+00 6.978313910361469752e+00
-1.169009009009008837e+00 6.874081502172730396e+00
-1.166516516516516333e+00 6.770445118681756469e+00
-1.164024024024023829e+00 6.667398358879637499e+00
-1.161531531531531325e+00 6.564934855057632745e+00
-1.159039039039038821e+00 6.463048272593370669e+00
-1.156546546546546317e+00 6.361732309736767732e+00
-1.154054054054053813e+00 6.260980697395545747e+00
-1.151561561561561309e+00 6.160787198920434804e+00
-1.149069069069069027e+00 6.061145609890033370e+00
-1.146576576576576523e+00 5.962049757895234947e+00
-1.144084084084084019e+00 5.863493502323379403e+00
-1.141591591591591515e+00 5.765470734141910469e+00
-1.139099099099099011e+00 5.667975375681699290e+00
-1.136606606606606507e+00 5.571001380419929205e+00
-1.134114114114114003e+00 5.474542732762552433e+00
-1.131621621621621498e+00 5.378593447826331087e+00
-1.129129129129128994e+00 5.283147571220409233e+00
-1.126636636636636490e+00 5.188199178827447966e+00
-1.124144144144143986e+00 5.093742376584257769e+00
-1.121651651651651482e+00 4.999771300261983242e+00
-1.119159159159158978e+00 4.906280115245756690e+00
-1.116666666666666474e+00 4.813263016313870324e+00
-1.114174174174173970e+00 4.720714227416394237e+00
-1.111681681681681466e+00 4.628628001453302332e+00
-1.109189189189188962e+00 4.536998620051988951e+00
-1.106696696696696458e+00 4.445820393344272148e+00
-1.104204204204203954e+00 4.355087659742800099e+00
-1.101711711711711450e+00 4.264794785716850001e+00
-1.099219219219219168e+00 4.174936165567554980e+00
-1.096726726726726664e+00 4.085506221202448884e+00
-1.094234234234234160e+00 3.996499401909456850e+00
-1.091741741741741656e+00 3.907910184130162889e+00
-1.089249249249249152e+00 3.819733071232423782e+00
-1.086756756756756648e+00 3.731962593282332818e+00
-1.084264264264264144e+00 3.644593306815425038e+00
-1.081771771771771640e+00 3.557619794607225217e+00
-1.079279279279279136e+00 3.471036665443010705e+00
-1.076786786786786632e+00 3.384838553886853063e+00
-1.074294294294294128e+00 3.299020120049870997e+00
-1.071801801801801624e+00 3.213576049357717679e+00
-1.069309309309309119e+00 3.128501052317233189e+00
-1.066816816816816615e+00 3.043789864282301139e+00
-1.064324324324324111e+00 2.959437245218836665e+00
-1.061831831831831607e+00 2.875437979468934202e+00
-1.059339339339339103e+00 2.791786875514123523e+00
-1.056846846846846599e+00 2.708478765737710958e+00
-1.054354354354354095e+00 2.625508506186223556e+00
-1.051861861861861813e+00 2.542870976329892230e+00
-1.049369369369369309e+00 2.460561078822159686e+00
-1.046876876876876805e+00 2.378573739258246889e+00
-1.044384384384384301e+00 2.296903905932659029e+00
-1.041891891891891797e+00 2.215546549595691417e+00
-1.039399399399399293e+00 2.134496663208885536e+00
-1.036906906906906789e+00 2.053749261699371331e+00
-1.034414414414414285e+00 1.973299381713161438e+00
-1.031921921921921781e+00 1.893142081367290785e+00
-1.029429429429429277e+00 1.813272440000814001e+00
-1.026936936936936773e+00 1.733685557924616205e+00
-1.024444444444444269e+00 1.654376556170054968e+00
-1.021951951951951765e+00 1.575340576236346379e+00
-1.019459459459459261e+00 1.496572779836720102e+00
-1.016966966966966757e+00 1.418068348643279464e+00
-1.014474474474474253e+00 1.339822484030571914e+00
-1.011981981981981749e+00 1.261830406817800565e+00
-1.009489489489489245e+00 1.184087357009710573e+00
-1.006996996996996740e+00 1.106588593536043774e+00
-1.004504504504504236e+00 1.029329393989584673e+00
-1.002012012012011954e+00 9.523050543627871178e-01
-9.995195195195194504e-01 8.755108887828200182e-01
-9.970270270270269464e-01 7.989422292452488250e-01
-9.945345345345344423e-01 7.225944253460223621e-01
-9.920420420420419383e-01 6.464628440119764008e-01
-9.895495495495494342e-01 5.705428692296656834e-01
-9.870570570570569302e-01 4.948299017725776849e-01
-9.845645645645644262e-01 4.193193589266712706e-01
-9.820720720720719221e-01 3.440066742141549838e-01
-9.795795795795794181e-01 2.688872971155511493e-01
-9.770870870870869140e-01 1.939566927899587512e-01
-9.745945945945944100e-01 1.192103417934635701e-01
-9.721021021021019060e-01 4.464373979570446238e-02
-9.696096096096094019e-01 -2.974760270546816798e-02
-9.671171171171168979e-01 -1.039681606713145356e-01
-9.646246246246243938e-01 -1.780223948114709742e-01
-9.621321321321318898e-01 -2.519147518752813397e-01
-9.596396396396393857e-01 -3.256496649451818826e-01
-9.571471471471468817e-01 -3.992315537322319585e-01
-9.546546546546543777e-01 -4.726648248737621572e-01
-9.521621621621620957e-01 -5.459538722332730742e-01
-9.496696696696695916e-01 -6.191030772025811757e-01
-9.471771771771770876e-01 -6.921168090062295164e-01
-9.446846846846845835e-01 -7.649994250082912117e-01
-9.421921921921920795e-01 -8.377552710215567799e-01
-9.396996996996995755e-01 -9.103886816191764098e-01
-9.372072072072070714e-01 -9.829039804487891274e-01
-9.347147147147145674e-01 -1.055305480549218800e+00
-9.322222222222220633e-01 -1.127597484669784933e+00
-9.297297297297295593e-01 -1.199784285592244260e+00
-9.272372372372370553e-01 -1.271870166455510542e+00
-9.247447447447445512e-01 -1.343859401083079774e+00
-9.222522522522520472e-01 -1.415756254313340179e+00
-9.197597597597595431e-01 -1.487564982332761687e+00
-9.172672672672670391e-01 -1.559289833012034165e+00
-9.147747747747745350e-01 -1.630935046245243214e+00
-9.122822822822820310e-01 -1.702504854292103076e+00
-9.097897897897895270e-01 -1.774003482123344355e+00
-9.072972972972970229e-01 -1.845435147769345363e+00
-9.048048048048045189e-01 -1.916804062671991105e+00
-9.023123123123122369e-01 -1.988114432039923329e+00
-8.998198198198197328e-01 -2.059370455207220729e+00
-8.973273273273272288e-01 -2.130576325995518161e+00
-8.948348348348347248e-01 -2.201736233079769178e+00
-8.923423423423422207e-01 -2.272854360357598580e+00
-8.898498498498497167e-01 -2.343934887322401295e+00
-8.873573573573572126e-01 -2.414981989440242671e+00
-8.848648648648647086e-01 -2.485999838530648987e+00
-8.823723723723722046e-01 -2.556992603151336141e+00
-8.798798798798797005e-01 -2.627964448987032853e+00
-8.773873873873871965e-01 -2.698919539242400134e+00
-8.748948948948946924e-01 -2.769862035039212245e+00
-8.724024024024021884e-01 -2.840796095817841760e+00
-8.699099099099096843e-01 -2.911725879743141121e+00
-8.674174174174171803e-01 -2.982655544114868107e+00
-8.649249249249246763e-01 -3.053589245782672990e+00
-8.624324324324321722e-01 -3.124531141565819681e+00
-8.599399399399396682e-01 -3.195485388677692384e+00
-8.574474474474471641e-01 -3.266456145155224533e+00
-8.549549549549548821e-01 -3.337447570293337051e+00
-8.524624624624623781e-01 -3.408463825084515619e+00
-8.499699699699698741e-01 -3.479509072663580227e+00
-8.474774774774773700e-01 -3.550587478757858406e+00
-8.449849849849848660e-01 -3.621703212142813655e+00
-8.424924924924923619e-01 -3.692860445103221423e+00
-8.399999999999998579e-01 -3.764063353900111153e+00
-8.375075075075073538e-01 -3.835316119243524113e+00
-8.350150150150148498e-01 -3.906622926771191828e+00
-8.325225225225223458e-01 -3.977987967533398006e+00
-8.300300300300298417e-01 -4.049415438483983110e+00
-8.275375375375373377e-01 -4.120909542977772233e+00
-8.250450450450448336e-01 -4.192474491274493786e+00
-8.225525525525523296e-01 -4.264114501049352413e+00
-8.200600600600598256e-01 -4.335833797910412457e+00
-8.175675675675673215e-01 -4.407636615922921663e+00
-8.150750750750748175e-01 -4.479527198140766941e+00
-8.125825825825823134e-01 -4.551509797145175895e+00
-8.100900900900898094e-01 -4.623588675590868391e+00
-8.075975975975973054e-01 -4.695768106759800276e+00
-8.051051051051050234e-01 -4.768052375122685760e+00
-8.026126126126125193e-01 -4.840445776908479658e+00
-8.001201201201200153e-01 -4.912952620681927840e+00
-7.976276276276275112e-01 -4.985577227929523403e+00
-7.951351351351350072e-01 -5.058323933653882776e+00
-7.926426426426425031e-01 -5.131197086976875710e+00
-7.901501501501499991e-01 -5.204201051751608631e+00
-7.876576576576574951e-01 -5.277340207183536691e+00
-7.851651651651649910e-01 -5.350618948460873270e+00
-7.826726726726724870e-01 -5.424041687394508315e+00
-7.801801801801799829e-01 -5.497612853067703753e+00
-7.776876876876874789e-01 -5.571336892495727611e+00
-7.751951951951949749e-01 -5.645218271295696866e+00
-7.727027027027024708e-01 -5.719261474366872378e+00
-7.702102102102099668e-01 -5.793471006581606630e+00
-7.677177177177174627e-01 -5.867851393487253375e+00
-7.652252252252249587e-01 -5.942407182019259437e+00
-7.627327327327324547e-01 -6.017142941225676722e+00
-7.602402402402399506e-01 -6.092063263003439033e+00
-7.577477477477474466e-01 -6.167172762846618639e+00
-7.552552552552551646e-01 -6.242476080606948585e+00
-7.527627627627626605e-01 -6.317977881266974904e+00
-7.502702702702701565e-01 -6.393682855726007475e+00
-7.477777777777776524e-01 -6.469595721599317173e+00
-7.452852852852851484e-01 -6.545721224030803143e+00
-7.427927927927926444e-01 -6.622064136519497879e+00
-7.403003003003001403e-01 -6.698629261760219222e+00
-7.378078078078076363e-01 -6.775421432498729857e+00
-7.353153153153151322e-01 -6.852445512401741823e+00
-7.328228228228226282e-01 -6.929706396942144409e+00
-7.303303303303301242e-01 -7.007209014299805361e+00
-7.278378378378376201e-01 -7.084958326278343321e+00
-7.253453453453451161e-01 -7.162959329238272943e+00
-7.228528528528526120e-01 -7.241217055046869078e+00
-7.203603603603601080e-01 -7.319736572045256295e+00
-7.178678678678676039e-01 -7.398522986033065685e+00
-7.153753753753750999e-01 -7.477581441271128782e+00
-7.128828828828825959e-01 -7.556917121502688239e+00
-7.103903903903900918e-01 -7.636535250993509827e+00
-7.078978978978978098e-01 -7.716441095591460630e+00
-7.054054054054053058e-01 -7.796639963805996665e+00
-7.029129129129128017e-01 -7.877137207908016414e+00
-7.004204204204202977e-01 -7.957938225050712688e+00
-6.979279279279277937e-01 -8.039048458411846454e+00
-6.954354354354352896e-01 -8.120473398358054595e+00
-6.929429429429427856e-01 -8.202218583631697868e+00
-6.904504504504502815e-01 -8.284289602560912513e+00
-6.879579579579577775e-01 -8.366692094293350479e+00
-6.854654654654652735e-01 -8.449431750054333889e+00
-6.829729729729727694e-01 -8.532514314429970881e+00
-6.804804804804802654e-01 -8.615945586675909595e+00
-6.779879879879877613e-01 -8.699731422052428442e+00
-6.754954954954952573e-01 -8.783877733186503889e+00
-6.730030030030027532e-01 -8.868390491461591196e+00
-6.705105105105102492e-01 -8.953275728435846403e+00
-6.680180180180177452e-01 -9.038539537289540959e+00
-6.655255255255252411e-01 -9.124188074302406193e+00
-6.630330330330327371e-01 -9.210227560361811783e+00
-6.605405405405402330e-01 -9.296664282502435483e+00
-6.580480480480479510e-01 -9.383504595478445509e+00
-6.555555555555554470e-01 -9.470754923368939870e+00
-6.530630630630629430e-01 -9.558421761217580581e+00
-6.505705705705704389e-01 -9.646511676707387295e+00
-6.480780780780779349e-01 -9.735031311871598092e+00
-6.455855855855854308e-01 -9.823987384841597503e+00
-6.430930930930929268e-01 -9.913386691632926073e+00
-6.406006006006004228e-01 -1.000323610797043017e+01
-6.381081081081079187e-01 -1.009354259115362140e+01
-6.356156156156154147e-01 -1.018431318196334523e+01
-6.331231231231229106e-01 -1.027555500661093646e+01
-6.306306306306304066e-01 -1.036727527873104471e+01
-6.281381381381379025e-01 -1.045948130141929866e+01
-6.256456456456453985e-01 -1.055218046931616982e+01
-6.231531531531528945e-01 -1.064538027073823656e+01
-6.206606606606603904e-01 -1.073908828985825892e+01
-6.181681681681678864e-01 -1.083331220893541946e+01
-6.156756756756753823e-01 -1.092805981059720111e+01
-6.131831831831828783e-01 -1.102333898017430336e+01
-6.106906906906903743e-01 -1.111915770809023662e+01
-6.081981981981980923e-01 -1.121552409230703340e+01
-6.057057057057055882e-01 -1.131244634082890954e+01
-6.032132132132130842e-01 -1.140993277426525765e+01
-6.007207207207205801e-01 -1.150799182845504376e+01
-5.982282282282280761e-01 -1.160663205715417234e+01
-5.957357357357355720e-01 -1.170586213478776116e+01
-5.932432432432430680e-01 -1.180569085926925688e+01
-5.907507507507505640e-01 -1.190612715488834183e+01
-5.882582582582580599e-01 -1.200718007526970865e+01
-5.857657657657655559e-01 -1.210885880640481993e+01
-5.832732732732730518e-01 -1.221117266975883808e+01
-5.807807807807805478e-01 -1.231413112545500255e+01
-5.782882882882880438e-01 -1.241774377553882402e+01
-5.757957957957955397e-01 -1.252202036732447965e+01
-5.733033033033030357e-01 -1.262697079682595991e+01
-5.708108108108105316e-01 -1.273260511227557679e+01
-5.683183183183180276e-01 -1.283893351773247460e+01
-5.658258258258255236e-01 -1.294596637678401585e+01
-5.633333333333330195e-01 -1.305371421634283280e+01
-5.608408408408407375e-01 -1.316218773054261248e+01
-5.583483483483482335e-01 -1.327139778473574339e+01
-5.558558558558557294e-01 -1.338135541959581332e+01
-5.533633633633632254e-01 -1.349207185532862141e+01
-5.508708708708707213e-01 -1.360355849599487854e+01
-5.483783783783782173e-01 -1.371582693394827146e+01
-5.458858858858857133e-01 -1.382888895439259613e+01
-5.433933933933932092e-01 -1.394275654006176168e+01
-5.409009009009007052e-01 -1.405744187602669015e+01
-5.384084084084082011e-01 -1.417295735463315864e+01
-5.359159159159156971e-01 -1.428931558057497675e+01
-5.334234234234231931e-01 -1.440652937610681761e+01
-5.309309309309306890e-01 -1.452461178640140815e+01
-5.284384384384381850e-01 -1.464357608505577879e+01
-5.259459459459456809e-01 -1.476343577975160315e+01
-5.234534534534531769e-01 -1.488420461807471895e+01
-5.209609609609606728e-01 -1.500589659349921590e+01
-5.184684684684681688e-01 -1.512852595154163460e+01
-5.159759759759756648e-01 -1.525210719609102483e+01
-5.134834834834831607e-01 -1.537665509592087432e+01
-5.109909909909908787e-01 -1.550218469138913768e+01
-5.084984984984983747e-01 -1.562871130133286357e+01
-5.060060060060058706e-01 -1.575625053016398525e+01
-5.035135135135133666e-01 -1.588481827517353295e+01
-5.010210210210208626e-01 -1.601443073405131656e+01
-4.985285285285283585e-01 -1.614510441262871865e+01
-4.960360360360356324e-01 -1.627685613285251165e+01
-4.935435435435433504e-01 -1.640970304099768740e+01
-4.910510510510506244e-01 -1.654366261612822697e+01
-4.885585585585583424e-01 -1.667875267881403545e+01
-4.860660660660660604e-01 -1.681499140011399263e+01
-4.835735735735733343e-01 -1.695239731083415435e+01
-4.810810810810810523e-01 -1.709098931107125807e+01
-4.785885885885883262e-01 -1.723078668005234704e+01
-4.760960960960960442e-01 -1.737180908628060294e+01
-4.736036036036033181e-01 -1.751407659799955141e+01
-4.711111111111110361e-01 -1.765760969398667868e+01
-4.686186186186183100e-01 -1.780242927468940906e+01
-4.661261261261260280e-01 -1.794855667371565389e+01
-4.636336336336333019e-01 -1.809601366969294745e+01
-4.611411411411410199e-01 -1.824482249850939297e+01
-4.586486486486482939e-01 -1.839500586595180565e+01
-4.561561561561560119e-01 -1.854658696075536284e+01
-4.536636636636632858e-01 -1.869958946808154110e+01
-4.511711711711710038e-01 -1.885403758343993985e+01
-4.486786786786782777e-01 -1.900995602707231313e+01
-4.461861861861859957e-01 -1.916737005881585532e+01
-4.436936936936932696e-01 -1.932630549346560400e+01
-4.412012012012009876e-01 -1.948678871665480372e+01
-4.387087087087082615e-01 -1.964884670127469946e+01
-4.362162162162159795e-01 -1.981250702445452561e+01
-4.337237237237236975e-01 -1.997779788512508503e+01
-4.312312312312309714e-01 -2.014474812218886512e+01
-4.287387387387386894e-01 -2.031338723332161322e+01
-4.262462462462459634e-01 -2.048374539443166142e+01
-4.237537537537536814e-01 -2.065585347980321984e+01
-4.212612612612609553e-01 -2.082974308295305832e+01
-4.187687687687686733e-01 -2.100544653822922569e+01
-4.162762762762759472e-01 -2.118299694318401194e+01
-4.137837837837836652e-01 -2.136242818175276170e+01
-4.112912912912909391e-01 -2.154377494827382122e+01
-4.087987987987986571e-01 -2.172707277238442458e+01
-4.063063063063059310e-01 -2.191235804483131133e+01
-4.038138138138136490e-01 -2.209966804423448039e+01
-4.013213213213209229e-01 -2.228904096484665587e+01
-3.988288288288286410e-01 -2.248051594535094466e+01
-3.963363363363359149e-01 -2.267413309874352478e+01
-3.938438438438436329e-01 -2.286993354334835615e+01
-3.913513513513509068e-01 -2.306795943501549573e+01
-3.888588588588586248e-01 -2.326825400055504645e+01
-3.863663663663663428e-01 -2.347086157246370064e+01
-3.838738738738736167e-01 -2.367582762500164861e+01
-3.813813813813813347e-01 -2.388319881168216341e+01
-3.788888888888886086e-01 -2.409302300423917842e+01
-3.763963963963963266e-01 -2.430534933314057611e+01
-3.739039039039036005e-01 -2.452022822972042349e+01
-3.714114114114113185e-01 -2.473771147000504911e+01
-3.689189189189185925e-01 -2.495785222031437556e+01
-3.664264264264263105e-01 -2.518070508472172975e+01
-3.639339339339335844e-01 -2.540632615446258313e+01
-3.614414414414413024e-01 -2.563477305938506490e+01
-3.589489489489485763e-01 -2.586610502154272950e+01
-3.564564564564562943e-01 -2.610038291103328234e+01
-3.539639639639635682e-01 -2.633766930419520946e+01
-3.514714714714712862e-01 -2.657802854427812633e+01
-3.489789789789785601e-01 -2.682152680471186912e+01
-3.464864864864862781e-01 -2.706823215510387826e+01
-3.439939939939935520e-01 -2.731821463010464512e+01
-3.415015015015012700e-01 -2.757154630128641060e+01
-3.390090090090089880e-01 -2.782830135219157341e+01
-3.365165165165162620e-01 -2.808855615671408401e+01
-3.340240240240239800e-01 -2.835238936098840767e+01
-3.315315315315312539e-01 -2.861988196897110726e+01
-3.290390390390389719e-01 -2.889111743190978387e+01
-3.265465465465462458e-01 -2.916618174190849189e+01
-3.240540540540539638e-01 -2.944516352980880569e+01
-3.215615615615612377e-01 -2.972815416762213658e+01
-3.190690690690689557e-01 -3.001524787576079234e+01
-3.165765765765762296e-01 -3.030654183533376056e+01
-3.140840840840839476e-01 -3.060213630578707367e+01
-3.115915915915912215e-01 -3.090213474818958872e+01
-3.090990990990989395e-01 -3.120664395448140382e+01
-3.066066066066062135e-01 -3.151577418302570521e+01
-3.041141141141139315e-01 -3.182963930082422621e+01
-3.016216216216212054e-01 -3.214835693278338624e+01
-2.991291291291289234e-01 -3.247204861844078039e+01
-2.966366366366361973e-01 -3.280083997659249206e+01
-2.941441441441439153e-01 -3.313486087828829341e+01
-2.916516516516511892e-01 -3.347424562869701248e+01
-2.891591591591589072e-01 -3.381913315837553569e+01
-2.866666666666666252e-01 -3.416966722451579841e+01
-2.841741741741738991e-01 -3.452599662278061032e+01
-2.816816816816816171e-01 -3.488827541038519087e+01
-2.791891891891888910e-01 -3.525666314112759636e+01
-2.766966966966966091e-01 -3.563132511312011985e+01
-2.742042042042038830e-01 -3.601243263003178896e+01
-2.717117117117116010e-01 -3.640016327670750940e+01
-2.692192192192188749e-01 -3.679470121009777017e+01
-2.667267267267265929e-01 -3.719623746649831730e+01
-2.642342342342338668e-01 -3.760497028617891146e+01
-2.617417417417415848e-01 -3.802110545655831686e+01
-2.592492492492488587e-01 -3.844485667517572125e+01
-2.567567567567565767e-01 -3.887644593380188240e+01
-2.542642642642638506e-01 -3.931610392514271268e+01
-2.517717717717715686e-01 -3.976407047369880843e+01
-2.492792792792788426e-01 -4.022059499247403380e+01
-2.467867867867865606e-01 -4.068593696735813836e+01
-2.442942942942938345e-01 -4.116036647116276725e+01
-2.418018018018015525e-01 -4.164416470944759396e+01
-2.393093093093092705e-01 -4.213762460045734315e+01
-2.368168168168165444e-01 -4.264105139168047032e+01
-2.343243243243242624e-01 -4.315476331575744240e+01
-2.318318318318315363e-01 -4.367909228870081506e+01
-2.293393393393392543e-01 -4.421438465364399661e+01
-2.268468468468465282e-01 -4.476100197362334399e+01
-2.243543543543542462e-01 -4.531932187720379090e+01
-2.218618618618615201e-01 -4.588973896110694284e+01
-2.193693693693692381e-01 -4.647266575437213731e+01
-2.168768768768765121e-01 -4.706853374900408937e+01
-2.143843843843842301e-01 -4.767779450251478579e+01
-2.118918918918915040e-01 -4.830092081828310313e+01
-2.093993993993992220e-01 -4.893840801021242726e+01
-2.069069069069064959e-01 -4.959077525879865789e+01
-2.044144144144142139e-01 -5.025856706640693972e+01
-2.019219219219214878e-01 -5.094235482033353435e+01
-1.994294294294292058e-01 -5.164273847307876508e+01
-1.969369369369364797e-01 -5.236034835021927591e+01
-1.944444444444441977e-01 -5.309584709732526875e+01
-1.919519519519519157e-01 -5.384993177856521385e+01
-1.894594594594591896e-01 -5.462333614096387890e+01
-1.869669669669669076e-01 -5.541683305977378637e+01
-1.844744744744741816e-01 -5.623123718209104283e+01
-1.819819819819818996e-01 -5.706740778771884948e+01
-1.794894894894891735e-01 -5.792625188840113992e+01
-1.769969969969968915e-01 -5.880872758891899821e+01
-1.745045045045041654e-01 -5.971584773623682452e+01
-1.720120120120118834e-01 -6.064868388591057169e+01
-1.695195195195191573e-01 -6.160837061841726836e+01
-1.670270270270268753e-01 -6.259611024195283591e+01
-1.645345345345341492e-01 -6.361317792268564375e+01
-1.620420420420418672e-01 -6.466092728848569493e+01
-1.595495495495491411e-01 -6.574079655791189225e+01
-1.570570570570568592e-01 -6.685431525280296228e+01
-1.545645645645641331e-01 -6.800311156035606075e+01
-1.520720720720718511e-01 -6.918892041920406655e+01
-1.495795795795791250e-01 -7.041359241394785329e+01
-1.470870870870868430e-01 -7.167910357403606270e+01
-1.445945945945941169e-01 -7.298756618612259217e+01
-1.421021021021018349e-01 -7.434124074433090357e+01
-1.396096096096095529e-01 -7.574254918064056596e+01
-1.371171171171168268e-01 -7.719408953827995390e+01
-1.346246246246245448e-01 -7.869865227514219441e+01
-1.321321321321318187e-01 -8.025923841246566326e+01
-1.296396396396395367e-01 -8.187907977711573437e+01
-1.271471471471468107e-01 -8.356166162476708337e+01
-1.246546546546545287e-01 -8.531074797722347114e+01
-1.221621621621618026e-01 -8.713041006152491263e+01
-1.196696696696695206e-01 -8.902505830306306223e+01
-1.171771771771767945e-01 -9.099947840190196757e+01
-1.146846846846845125e-01 -9.305887211348884591e+01
-1.121921921921917864e-01 -9.520890346536636173e+01
-1.096996996996995044e-01 -9.745575127445751207e+01
-1.072072072072067783e-01 -9.980616899032533240e+01
-1.047147147147144963e-01 -1.022675530850418113e+02
-1.022222222222217702e-01 -1.048480214484310409e+02
-9.972972972972948824e-02 -1.075565035390880979e+02
-9.723723723723676216e-02 -1.104028444005514444e+02
-9.474474474474448016e-02 -1.133979250959143741e+02
-9.225225225225219816e-02 -1.165538026660755264e+02
-8.975975975975947208e-02 -1.198838734066132190e+02
-8.726726726726719008e-02 -1.234030641254139056e+02
-8.477477477477446399e-02 -1.271280571397707178e+02
-8.228228228228218200e-02 -1.310775561671881633e+02
-7.978978978978945591e-02 -1.352726020520543386e+02
-7.729729729729717391e-02 -1.397369495770555829e+02
-7.480480480480444783e-02 -1.444975196067548211e+02
-7.231231231231216583e-02 -1.495849447393953824e+02
-6.981981981981943974e-02 -1.550342318339762926e+02
-6.732732732732715775e-02 -1.608855717000693630e+02
-6.483483483483443166e-02 -1.671853355528209875e+02
-6.234234234234214966e-02 -1.739873105021927984e+02
-5.984984984984942358e-02 -1.813542437598523236e+02
-5.735735735735714158e-02 -1.893597894720667796e+02
-5.486486486486441549e-02 -1.980909862168515190e+02
-5.237237237237213350e-02 -2.076514419520466390e+02
-4.987987987987940741e-02 -2.181654738732106580e+02
-4.738738738738712541e-02 -2.297835547673086865e+02
-4.489489489489484342e-02 -2.426895736042359886e+02
-4.240240240240211733e-02 -2.571106568763396467e+02
-3.990990990990983533e-02 -2.733306701704526063e+02
-3.741741741741710925e-02 -2.917091160362556934e+02
-3.492492492492482725e-02 -3.127081239794809449e+02
-3.243243243243210117e-02 -3.369318858441110933e+02
-2.993993993993981917e-02 -3.651857891128684059e+02
-2.744744744744709308e-02 -3.985677694517992222e+02
-2.495495495495481109e-02 -4.386144088313130283e+02
-2.246246246246208500e-02 -4.875443021945817463e+02
-1.996996996996980300e-02 -5.486836746716968491e+02
-1.747747747747707692e-02 -6.272561867484149616e+02
-1.498498498498479492e-02 -7.319609618758037186e+02
-1.249249249249206883e-02 -8.784396952958575184e+02
-1.000000000000000021e-02 -1.097928808670010767e+03
