1.000000000000000021e-02 1.101928408710010672e+03
1.249249249249249211e-02 8.824390711437748678e+02
1.498498498498498574e-02 7.359600638783847444e+02
1.747747747747747937e-02 6.312549652727532248e+02
1.996996996996996954e-02 5.526820801090548230e+02
2.246246246246246664e-02 4.915422849640263507e+02
2.495495495495495680e-02 4.426119193834729231e+02
2.744744744744744697e-02 4.025647582725292182e+02
2.993993993993994407e-02 3.691822067269869763e+02
3.243243243243243423e-02 3.409276828190788819e+02
3.492492492492493134e-02 3.167032509291287852e+02
3.741741741741742150e-02 2.957035236244709040e+02
3.990990990990991166e-02 2.773243091149006432e+02
4.240240240240240877e-02 2.611034779521559699e+02
4.489489489489489893e-02 2.466815276477438488e+02
4.738738738738739603e-02 2.337745926797146012e+02
4.987987987987988620e-02 2.221555466243182195e+02
5.237237237237237636e-02 2.116405005839619662e+02
5.486486486486487346e-02 2.020789818476846165e+02
5.735735735735736363e-02 1.933466732996458575e+02
5.984984984984986073e-02 1.853399670654247018e+02
6.234234234234235089e-02 1.779718246541388282e+02
6.483483483483483412e-02 1.711685920103570879e+02
6.732732732732733816e-02 1.648675220169619990e+02
6.981981981981982832e-02 1.590148276622471144e+02
7.231231231231231849e-02 1.535641378330359430e+02
7.480480480480480865e-02 1.484752618254337904e+02
7.729729729729729881e-02 1.437131928898346303e+02
7.978978978978978898e-02 1.392472985410978765e+02
8.228228228228227914e-02 1.350506580314807934e+02
8.477477477477478318e-02 1.310995166988297171e+02
8.726726726726727335e-02 1.273728338230088752e+02
8.975975975975976351e-02 1.238519058144817535e+02
9.225225225225225367e-02 1.205200504876455909e+02
9.474474474474474384e-02 1.173623411700235124e+02
9.723723723723724788e-02 1.143653817051720551e+02
9.972972972972973804e-02 1.115171151950528809e+02
1.022222222222222282e-01 1.088066607231592400e+02
1.047147147147147184e-01 1.062241733962712118e+02
1.072072072072072085e-01 1.037607239098430654e+02
1.096996996996997126e-01 1.014081945318372249e+02
1.121921921921922027e-01 9.915918895170480596e+01
1.146846846846846929e-01 9.700695388514894546e+01
1.171771771771771831e-01 9.494531068425604303e+01
1.196696696696696732e-01 9.296859549424266334e+01
1.221621621621621634e-01 9.107160673617148916e+01
1.246546546546546674e-01 8.924955889024600708e+01
1.271471471471471715e-01 8.749804171510118067e+01
1.296396396396396478e-01 8.581298417148998681e+01
1.321321321321321518e-01 8.419062242917007666e+01
1.346246246246246281e-01 8.262747142780446552e+01
1.371171171171171321e-01 8.112029953964447770e+01
1.396096096096096362e-01 7.966610594635560005e+01
1.421021021021021125e-01 7.826210039673938468e+01
1.445945945945946165e-01 7.690568505806118083e+01
1.470870870870871205e-01 7.559443821263992902e+01
1.495795795795795968e-01 7.432609958446187193e+01
1.520720720720721009e-01 7.309855710880276547e+01
1.545645645645645772e-01 7.190983498196956702e+01
1.570570570570570812e-01 7.075808284895263967e+01
1.595495495495495852e-01 6.964156600455274315e+01
1.620420420420420615e-01 6.855865649885915047e+01
1.645345345345345656e-01 6.750782505117999222e+01
1.670270270270270419e-01 6.648763368797473561e+01
1.695195195195195459e-01 6.549672903027187942e+01
1.720120120120120499e-01 6.453383616469341177e+01
1.745045045045045262e-01 6.359775303973532345e+01
1.769969969969970303e-01 6.268734533552657240e+01
1.794894894894895065e-01 6.180154176104180408e+01
1.819819819819820106e-01 6.093932973778538553e+01
1.844744744744745146e-01 6.009975143339463699e+01
1.869669669669669909e-01 5.928190011250814706e+01
1.894594594594594950e-01 5.848491677568187441e+01
1.919519519519519712e-01 5.770798706017097857e+01
1.944444444444444753e-01 5.695033837907987362e+01
1.969369369369369793e-01 5.621123727776272716e+01
1.994294294294294556e-01 5.548998698846746436e+01
2.019219219219219597e-01 5.478592516609368346e+01
2.044144144144144359e-01 5.409842178960588654e+01
2.069069069069069400e-01 5.342687721513274823e+01
2.093993993993994440e-01 5.277072036811397027e+01
2.118918918918919203e-01 5.212940706304512162e+01
2.143843843843844243e-01 5.150241844043603834e+01
2.168768768768769006e-01 5.088925951155309946e+01
2.193693693693694047e-01 5.028945780237272345e+01
2.218618618618618810e-01 4.970256208894405603e+01
2.243543543543543850e-01 4.912814121705209658e+01
2.268468468468468890e-01 4.856578299969745416e+01
2.293393393393393653e-01 4.801509318647270419e+01
2.318318318318318694e-01 4.747569449942441366e+01
2.343243243243243457e-01 4.694722573045032021e+01
2.368168168168168497e-01 4.642934089569818212e+01
2.393093093093093537e-01 4.592170844281040587e+01
2.418018018018018300e-01 4.542401050720120281e+01
2.442942942942943341e-01 4.493594221386442200e+01
2.467867867867868104e-01 4.445721102149325077e+01
2.492792792792793144e-01 4.398753610594999941e+01
2.517717717717717907e-01 4.352664778035939008e+01
2.542642642642642947e-01 4.307428694931198976e+01
2.567567567567567988e-01 4.263020459486008917e+01
2.592492492492492473e-01 4.219416129216630651e+01
2.617417417417417513e-01 4.176592675282825695e+01
2.642342342342342554e-01 4.134527939405203512e+01
2.667267267267267594e-01 4.093200593198337600e+01
2.692192192192192635e-01 4.052590099763113329e+01
2.717117117117117675e-01 4.012676677393221070e+01
2.742042042042042160e-01 3.973441265261292443e+01
2.766966966966967201e-01 3.934865490959820278e+01
2.791891891891892241e-01 3.896931639780991929e+01
2.816816816816817282e-01 3.859622625627693537e+01
2.841741741741742322e-01 3.822921963455554817e+01
2.866666666666666807e-01 3.786813743152853107e+01
2.891591591591591848e-01 3.751282604771506612e+01
2.916516516516516888e-01 3.716313715028349662e+01
2.941441441441441929e-01 3.681892745001330525e+01
2.966366366366366969e-01 3.648005848950351293e+01
2.991291291291291454e-01 3.614639644197161772e+01
3.016216216216216495e-01 3.581781192003043657e+01
3.041141141141141535e-01 3.549417979387041555e+01
3.066066066066066576e-01 3.517537901831218505e+01
3.090990990990991616e-01 3.486129246822870442e+01
3.115915915915916101e-01 3.455180678186847842e+01
3.140840840840841142e-01 3.424681221164065903e+01
3.165765765765766182e-01 3.394620248195118251e+01
3.190690690690691222e-01 3.364987465370411712e+01
3.215615615615616263e-01 3.335772899510669731e+01
3.240540540540540748e-01 3.306966885843864645e+01
3.265465465465465789e-01 3.278560056246719512e+01
3.290390390390390829e-01 3.250543328020835077e+01
3.315315315315315869e-01 3.222907893175316474e+01
3.340240240240240910e-01 3.195645208189439757e+01
3.365165165165165395e-01 3.168746984230475405e+01
3.390090090090090436e-01 3.142205177803242222e+01
3.415015015015015476e-01 3.116011981809344178e+01
3.439939939939940516e-01 3.090159816995299025e+01
3.464864864864865557e-01 3.064641323769991743e+01
3.489789789789790042e-01 3.039449354372986178e+01
3.514714714714715083e-01 3.014576965376273421e+01
3.539639639639640123e-01 2.990017410503033446e+01
3.564564564564565163e-01 2.965764133747890696e+01
3.589489489489490204e-01 2.941810762784007238e+01
3.614414414414414689e-01 2.918151102643177452e+01
3.639339339339339729e-01 2.894779129655830374e+01
3.664264264264264770e-01 2.871688985638575531e+01
3.689189189189189810e-01 2.848874972317575072e+01
3.714114114114114851e-01 2.826331545976680104e+01
3.739039039039039336e-01 2.804053312319830482e+01
3.763963963963964376e-01 2.782035021537802422e+01
3.788888888888889417e-01 2.760271563569885700e+01
3.813813813813814457e-01 2.738757963551581298e+01
3.838738738738739498e-01 2.717489377439859410e+01
3.863663663663663983e-01 2.696461087807974266e+01
3.888588588588589023e-01 2.675668499802212708e+01
3.913513513513514064e-01 2.655107137253379790e+01
3.938438438438439104e-01 2.634772638936146549e+01
3.963363363363364145e-01 2.614660754969774104e+01
3.988288288288288630e-01 2.594767343354013533e+01
4.013213213213213670e-01 2.575088366634319215e+01
4.038138138138138711e-01 2.555619888690784336e+01
4.063063063063063751e-01 2.536358071645489787e+01
4.087987987987988792e-01 2.517299172883214453e+01
4.112912912912913277e-01 2.498439542180698680e+01
4.137837837837838317e-01 2.479775618939886428e+01
4.162762762762763358e-01 2.461303929520795819e+01
4.187687687687688398e-01 2.443021084669854659e+01
4.212612612612612883e-01 2.424923777039767359e+01
4.237537537537537924e-01 2.407008778797130333e+01
4.262462462462462964e-01 2.389272939314219357e+01
4.287387387387388005e-01 2.371713182941512699e+01
4.312312312312313045e-01 2.354326506857698931e+01
4.337237237237237530e-01 2.337109978994041271e+01
4.362162162162162571e-01 2.320060736030136539e+01
4.387087087087087611e-01 2.303175981458226573e+01
4.412012012012012652e-01 2.286452983713352083e+01
4.436936936936937692e-01 2.269889074366764348e+01
4.461861861861862177e-01 2.253481646380123493e+01
4.486786786786787218e-01 2.237228152418116522e+01
4.511711711711712258e-01 2.221126103217245529e+01
4.536636636636637299e-01 2.205173066008618576e+01
4.561561561561562339e-01 2.189366662992688362e+01
4.586486486486486824e-01 2.173704569863959435e+01
4.611411411411411865e-01 2.158184514383772523e+01
4.636336336336336905e-01 2.142804274999367209e+01
4.661261261261261946e-01 2.127561679507482495e+01
4.686186186186186986e-01 2.112454603760848215e+01
4.711111111111111471e-01 2.097480970415971058e+01
4.736036036036036512e-01 2.082638747720703520e+01
4.760960960960961552e-01 2.067925948340135633e+01
4.785885885885886593e-01 2.053340628219416075e+01
4.810810810810811633e-01 2.038880885482161176e+01
4.835735735735736118e-01 2.024544859363174965e+01
4.860660660660661159e-01 2.010330729174245690e+01
4.885585585585586199e-01 1.996236713301841803e+01
4.910510510510511240e-01 1.982261068235574797e+01
4.935435435435436280e-01 1.968402087626343189e+01
4.960360360360360765e-01 1.954658101373114221e+01
4.985285285285285806e-01 1.941027474737342118e+01
5.010210210210210846e-01 1.927508607484067227e+01
5.035135135135135886e-01 1.914099933048765578e+01
5.060060060060060927e-01 1.900799917729065669e+01
5.084984984984984857e-01 1.887607059900485851e+01
5.109909909909911008e-01 1.874519889255360283e+01
5.134834834834834938e-01 1.861536966064188192e+01
5.159759759759759978e-01 1.848656880458621998e+01
5.184684684684685019e-01 1.835878251735396915e+01
5.209609609609610059e-01 1.823199727680478688e+01
5.234534534534535100e-01 1.810619983912770081e+01
5.259459459459460140e-01 1.798137723246724562e+01
5.284384384384385180e-01 1.785751675073244371e+01
5.309309309309310221e-01 1.773460594758262943e+01
5.334234234234235261e-01 1.761263263058438255e+01
5.359159159159160302e-01 1.749158485553395792e+01
5.384084084084084232e-01 1.737145092093992460e+01
5.409009009009009272e-01 1.725221936266077094e+01
5.433933933933934313e-01 1.713387894869264372e+01
5.458858858858859353e-01 1.701641867410230091e+01
5.483783783783784394e-01 1.689982775610077681e+01
5.508708708708709434e-01 1.678409562925323328e+01
5.533633633633634474e-01 1.666921194082076596e+01
5.558558558558559515e-01 1.655516654623006190e+01
5.583483483483484555e-01 1.644194950466683380e+01
5.608408408408409596e-01 1.632955107478928269e+01
5.633333333333333526e-01 1.621796171055783020e+01
5.658258258258258566e-01 1.610717205717759271e+01
5.683183183183183607e-01 1.599717294715008720e+01
5.708108108108108647e-01 1.588795539643093058e+01
5.733033033033033687e-01 1.577951060069020173e+01
5.757957957957958728e-01 1.567182993167248561e+01
5.782882882882883768e-01 1.556490493365352457e+01
5.807807807807808809e-01 1.545872731999061322e+01
5.832732732732733849e-01 1.535328896976395008e+01
5.857657657657658890e-01 1.524858192450624372e+01
5.882582582582582820e-01 1.514459838501796263e+01
5.907507507507507860e-01 1.504133070826569885e+01
5.932432432432432901e-01 1.493877140436125472e+01
5.957357357357357941e-01 1.483691313361905983e+01
5.982282282282282981e-01 1.473574870368963907e+01
6.007207207207208022e-01 1.463527106676697898e+01
6.032132132132133062e-01 1.453547331686763044e+01
6.057057057057058103e-01 1.443634868717949615e+01
6.081981981981983143e-01 1.433789054747831671e+01
6.106906906906908183e-01 1.424009240160993173e+01
6.131831831831832114e-01 1.414294788503649158e+01
6.156756756756757154e-01 1.404645076244472435e+01
6.181681681681682194e-01 1.395059492541463086e+01
6.206606606606607235e-01 1.385537439014683159e+01
6.231531531531532275e-01 1.376078329524698951e+01
6.256456456456457316e-01 1.366681589956567500e+01
6.281381381381382356e-01 1.357346658009222296e+01
6.306306306306307397e-01 1.348072982990097302e+01
6.331231231231232437e-01 1.338860025614863147e+01
6.356156156156157477e-01 1.329707257812115451e+01
6.381081081081081408e-01 1.320614162532903535e+01
6.406006006006006448e-01 1.311580233564944464e+01
6.430930930930931488e-01 1.302604975351421501e+01
6.455855855855856529e-01 1.293687902814221502e+01
6.480780780780781569e-01 1.284828541181506800e+01
6.505705705705706610e-01 1.276026425819501497e+01
6.530630630630631650e-01 1.267281102068381315e+01
6.555555555555556690e-01 1.258592125082157409e+01
6.580480480480481731e-01 1.249959059672450046e+01
6.605405405405405661e-01 1.241381480156053208e+01
6.630330330330330701e-01 1.232858970206182825e+01
6.655255255255255742e-01 1.224391122707326574e+01
6.680180180180180782e-01 1.215977539613585634e+01
6.705105105105105823e-01 1.207617831810434694e+01
6.730030030030030863e-01 1.199311618979798233e+01
6.754954954954955904e-01 1.191058529468369542e+01
6.779879879879880944e-01 1.182858200159082251e+01
6.804804804804805984e-01 1.174710276345659210e+01
6.829729729729731025e-01 1.166614411610158264e+01
6.854654654654654955e-01 1.158570267703439249e+01
6.879579579579579995e-01 1.150577514428482573e+01
6.904504504504505036e-01 1.142635829526482993e+01
6.929429429429430076e-01 1.134744898565654303e+01
6.954354354354355117e-01 1.126904414832674917e+01
6.979279279279280157e-01 1.119114079226708292e+01
7.004204204204205197e-01 1.111373600155939911e+01
7.029129129129130238e-01 1.103682693436562090e+01
7.054054054054055278e-01 1.096041082194153482e+01
7.078978978978980319e-01 1.088448496767390239e+01
7.103903903903904249e-01 1.080904674614035876e+01
7.128828828828829289e-01 1.073409360219150166e+01
7.153753753753754330e-01 1.065962305005471755e+01
7.178678678678679370e-01 1.058563267245913408e+01
7.203603603603604411e-01 1.051212011978124927e+01
7.228528528528529451e-01 1.043908310921074190e+01
7.253453453453454491e-01 1.036651942393596570e+01
7.278378378378379532e-01 1.029442691234867979e+01
7.303303303303304572e-01 1.022280348726755150e+01
7.328228228228229613e-01 1.015164712518002155e+01
7.353153153153153543e-01 1.008095586550205169e+01
7.378078078078078583e-01 1.001072780985537314e+01
7.403003003003003624e-01 9.940961121361862496e+00
7.427927927927928664e-01 9.871654023954564039e+00
7.452852852852853704e-01 9.802804801705065074e+00
7.477777777777778745e-01 9.734411798166792806e+00
7.502702702702703785e-01 9.666473415733893404e+00
7.527627627627628826e-01 9.598988115015332667e+00
7.552552552552553866e-01 9.531954414223889671e+00
7.577477477477478907e-01 9.465370888579681008e+00
7.602402402402402837e-01 9.399236169727908319e+00
7.627327327327327877e-01 9.333548945170488054e+00
7.652252252252252918e-01 9.268307957711325429e+00
7.677177177177177958e-01 9.203512004914802702e+00
7.702102102102102998e-01 9.139159938577327225e+00
7.727027027027028039e-01 9.075250664211543139e+00
7.751951951951953079e-01 9.011783140543002446e+00
7.776876876876878120e-01 8.948756379018968588e+00
7.801801801801803160e-01 8.886169443329148265e+00
7.826726726726728200e-01 8.824021448938015766e+00
7.851651651651652131e-01 8.762311562628553929e+00
7.876576576576577171e-01 8.701039002057111560e+00
7.901501501501502212e-01 8.640203035319185432e+00
7.926426426426427252e-01 8.579802980525830236e+00
7.951351351351352292e-01 8.519838205390559693e+00
7.976276276276277333e-01 8.460308126826413755e+00
8.001201201201202373e-01 8.401212210553055115e+00
8.026126126126127414e-01 8.342549970713657004e+00
8.051051051051052454e-01 8.284320969501365539e+00
8.075975975975977494e-01 8.226524816795159012e+00
8.100900900900901425e-01 8.169161169804894485e+00
8.125825825825826465e-01 8.112229732725332099e+00
8.150750750750751505e-01 8.055730256399019851e+00
8.175675675675676546e-01 7.999662537987759947e+00
8.200600600600601586e-01 7.944026420652567921e+00
8.225525525525526627e-01 7.888821793241890035e+00
8.250450450450451667e-01 7.834048589987952838e+00
8.275375375375376708e-01 7.779706790211038836e+00
8.300300300300301748e-01 7.725796418031581680e+00
8.325225225225225678e-01 7.672317542089867715e+00
8.350150150150150719e-01 7.619270275273223092e+00
8.375075075075075759e-01 7.566654774450549681e+00
8.400000000000000799e-01 7.514471240214012582e+00
8.424924924924925840e-01 7.462719916627804650e+00
8.449849849849850880e-01 7.411401090983775752e+00
8.474774774774775921e-01 7.360515093563862798e+00
8.499699699699700961e-01 7.310062297409144705e+00
8.524624624624626001e-01 7.260043118095389048e+00
8.549549549549551042e-01 7.210458013514997155e+00
8.574474474474474972e-01 7.161307483665198426e+00
8.599399399399400012e-01 7.112592070442364189e+00
8.624324324324325053e-01 7.064312357442361190e+00
8.649249249249250093e-01 7.016468969766811448e+00
8.674174174174175134e-01 6.969062573835103969e+00
8.699099099099100174e-01 6.922093877202129875e+00
8.724024024024025215e-01 6.875563628381570425e+00
8.748948948948950255e-01 6.829472616674640228e+00
8.773873873873875295e-01 6.783821672004234138e+00
8.798798798798800336e-01 6.738611664754291297e+00
8.823723723723724266e-01 6.693843505614368361e+00
8.848648648648649306e-01 6.649518145429252236e+00
8.873573573573574347e-01 6.605636575053579485e+00
8.898498498498499387e-01 6.562199825211313176e+00
8.923423423423424428e-01 6.519208966360049651e+00
8.948348348348349468e-01 6.476665108559995332e+00
8.973273273273274508e-01 6.434569401347606465e+00
8.998198198198199549e-01 6.392923033613749695e+00
9.023123123123124589e-01 6.351727233486317736e+00
9.048048048048049630e-01 6.310983268217242426e+00
9.072972972972973560e-01 6.270692444073790561e+00
9.097897897897898600e-01 6.230856106234087477e+00
9.122822822822823641e-01 6.191475638686808836e+00
9.147747747747748681e-01 6.152552464134926957e+00
9.172672672672673722e-01 6.114088043903464609e+00
9.197597597597598762e-01 6.076083877851202075e+00
9.222522522522523802e-01 6.038541504286230932e+00
9.247447447447448843e-01 6.001462499885318991e+00
9.272372372372373883e-01 5.964848479617001153e+00
9.297297297297298924e-01 5.928701096668357096e+00
9.322222222222222854e-01 5.893022042375372749e+00
9.347147147147147894e-01 5.857813046156859826e+00
9.372072072072072935e-01 5.823075875451872996e+00
9.396996996996997975e-01 5.788812335660535879e+00
9.421921921921923015e-01 5.755024270088237692e+00
9.446846846846848056e-01 5.721713559893151668e+00
9.471771771771773096e-01 5.688882124037014876e+00
9.496696696696698137e-01 5.656531919239101036e+00
9.521621621621623177e-01 5.624664939933341046e+00
9.546546546546548218e-01 5.593283218228568998e+00
9.571471471471472148e-01 5.562388823871777355e+00
9.596396396396397188e-01 5.531983864214405244e+00
9.621321321321322229e-01 5.502070484181569299e+00
9.646246246246247269e-01 5.472650866244177514e+00
9.671171171171172309e-01 5.443727230393930583e+00
9.696096096096097350e-01 5.415301834121099667e+00
9.721021021021022390e-01 5.387376972395110819e+00
9.745945945945947431e-01 5.359954977647814367e+00
9.770870870870872471e-01 5.333038219759448140e+00
9.795795795795796401e-01 5.306629106047250133e+00
9.820720720720721442e-01 5.280730081256644226e+00
9.845645645645646482e-01 5.255343627554998953e+00
9.870570570570571522e-01 5.230472264527898929e+00
9.895495495495496563e-01 5.206118549177889854e+00
9.920420420420421603e-01 5.182285075925667783e+00
9.945345345345346644e-01 5.158974476613665594e+00
9.970270270270271684e-01 5.136189420512018877e+00
9.995195195195196725e-01 5.113932614326841986e+00
1.002012012012012176e+00 5.092206802210816008e+00
1.004504504504504458e+00 5.071014765776040711e+00
1.006996996996996963e+00 5.050359324109090942e+00
1.009489489489489467e+00 5.030243333788300575e+00
1.011981981981982193e+00 5.010669688903181651e+00
1.014474474474474697e+00 4.991641321075998228e+00
1.016966966966966979e+00 4.973161199485409689e+00
1.019459459459459483e+00 4.955232330892213710e+00
1.021951951951951987e+00 4.937857759667124036e+00
1.024444444444444491e+00 4.921040567820539557e+00
1.026936936936936995e+00 4.904783875034317120e+00
1.029429429429429499e+00 4.889090838695479668e+00
1.031921921921922003e+00 4.873964653931881941e+00
1.034414414414414507e+00 4.859408553649736007e+00
1.036906906906907011e+00 4.845425808573031290e+00
1.039399399399399515e+00 4.832019727284812660e+00
1.041891891891892019e+00 4.819193656270250870e+00
1.044384384384384523e+00 4.806950979961542636e+00
1.046876876876877027e+00 4.795295120784545340e+00
1.049369369369369531e+00 4.784229539207208504e+00
1.051861861861862035e+00 4.773757733789676827e+00
1.054354354354354539e+00 4.763883241236134936e+00
1.056846846846847043e+00 4.754609636448314802e+00
1.059339339339339547e+00 4.745940532580659621e+00
1.061831831831832051e+00 4.737879581097124593e+00
1.064324324324324555e+00 4.730430471829595973e+00
1.066816816816816837e+00 4.723596933037889301e+00
1.069309309309309342e+00 4.717382731471339241e+00
1.071801801801801846e+00 4.711791672431913547e+00
1.074294294294294350e+00 4.706827599838900866e+00
1.076786786786786854e+00 4.702494396295059609e+00
1.079279279279279358e+00 4.698795983154298916e+00
1.081771771771771862e+00 4.695736320590816248e+00
1.084264264264264366e+00 4.693319407669704901e+00
1.086756756756756870e+00 4.691549282418972844e+00
1.089249249249249374e+00 4.690430021903019053e+00
1.091741741741741878e+00 4.689965742297482976e+00
1.094234234234234382e+00 4.690160598965481320e+00
1.096726726726726886e+00 4.691018786535242846e+00
1.099219219219219390e+00 4.692544538979060320e+00
1.101711711711711894e+00 4.694742129693591615e+00
1.104204204204204398e+00 4.697615871581502844e+00
1.106696696696696902e+00 4.701170117134369164e+00
1.109189189189189406e+00 4.705409258516921156e+00
1.111681681681681910e+00 4.710337727652516016e+00
1.114174174174174414e+00 4.715959996309907254e+00
1.116666666666666696e+00 4.722280576191223211e+00
1.119159159159159200e+00 4.729304019021228989e+00
1.121651651651651704e+00 4.737034916637735904e+00
1.124144144144144208e+00 4.745477901083281935e+00
1.126636636636636712e+00 4.754637644697953469e+00
1.129129129129129216e+00 4.764518860213414087e+00
1.131621621621621721e+00 4.775126300848082650e+00
1.134114114114114225e+00 4.786464760403465135e+00
1.136606606606606729e+00 4.798539073361622442e+00
1.139099099099099233e+00 4.811354114983779517e+00
1.141591591591591737e+00 4.824914801410018050e+00
1.144084084084084241e+00 4.839226089760112259e+00
1.146576576576576745e+00 4.854292978235419831e+00
1.149069069069069249e+00 4.870120506221863543e+00
1.151561561561561753e+00 4.886713754393994691e+00
1.154054054054054257e+00 4.904077844820091236e+00
1.156546546546546761e+00 4.922217941068319114e+00
1.159039039039039265e+00 4.941139248313920262e+00
1.161531531531531769e+00 4.960847013447421183e+00
1.164024024024024051e+00 4.981346525183871776e+00
1.166516516516516555e+00 5.002643114173073613e+00
1.169009009009009059e+00 5.024742153110807408e+00
1.171501501501501563e+00 5.047649056851052585e+00
1.173993993993994067e+00 5.071369282519158084e+00
1.176486486486486571e+00 5.095908329626014144e+00
1.178978978978979075e+00 5.121271740183152232e+00
1.181471471471471579e+00 5.147465098818799767e+00
1.183963963963964083e+00 5.174494032894881634e+00
1.186456456456456587e+00 5.202364212624935647e+00
1.188948948948949091e+00 5.231081351192965911e+00
1.191441441441441595e+00 5.260651204873191489e+00
1.193933933933934100e+00 5.291079573150701876e+00
1.196426426426426604e+00 5.322372298843030869e+00
1.198918918918919108e+00 5.354535268222585742e+00
1.201411411411411612e+00 5.387574411139970820e+00
1.203903903903904116e+00 5.421495701148180579e+00
1.206396396396396620e+00 5.456305155627661385e+00
1.208888888888889124e+00 5.492008835912227660e+00
1.211381381381381628e+00 5.528612847415814713e+00
1.213873873873873910e+00 5.566123339760085997e+00
1.216366366366366414e+00 5.604546506902890357e+00
1.218858858858858918e+00 5.643888587267500867e+00
1.221351351351351422e+00 5.684155863872708991e+00
1.223843843843843926e+00 5.725354664463737642e+00
1.226336336336336430e+00 5.767491361643930503e+00
1.228828828828828934e+00 5.810572373007266478e+00
1.231321321321321438e+00 5.854604161271661056e+00
1.233813813813813942e+00 5.899593234413051057e+00
1.236306306306306446e+00 5.945546145800262750e+00
1.238798798798798950e+00 5.992469494330644686e+00
1.241291291291291454e+00 6.040369924566502569e+00
1.243783783783783958e+00 6.089254126872244655e+00
1.246276276276276462e+00 6.139128837552341622e+00
1.248768768768768966e+00 6.190000838989970333e+00
1.251261261261261470e+00 6.241876959786479162e+00
1.253753753753753974e+00 6.294764074901531004e+00
1.256246246246246479e+00 6.348669105794000345e+00
1.258738738738738983e+00 6.403599020563621735e+00
1.261231231231231487e+00 6.459560834093315940e+00
1.263723723723723769e+00 6.516561608192273702e+00
1.266216216216216273e+00 6.574608451739752724e+00
1.268708708708708777e+00 6.633708520829525668e+00
1.271201201201201281e+00 6.693869018915110658e+00
1.273693693693693785e+00 6.755097196955651917e+00
1.276186186186186289e+00 6.817400353562478088e+00
1.278678678678678793e+00 6.880785835146414620e+00
1.281171171171171297e+00 6.945261036065706328e+00
1.283663663663663801e+00 7.010833398774661163e+00
1.286156156156156305e+00 7.077510413972959213e+00
1.288648648648648809e+00 7.145299620755620751e+00
1.291141141141141313e+00 7.214208606763659049e+00
1.293633633633633817e+00 7.284245008335373583e+00
1.296126126126126321e+00 7.355416510658312035e+00
1.298618618618618825e+00 7.427730847921891311e+00
1.301111111111111329e+00 7.501195803470641188e+00
1.303603603603603833e+00 7.575819209958118527e+00
1.306096096096096337e+00 7.651608949501448542e+00
1.308588588588588841e+00 7.728572953836504666e+00
1.311081081081081123e+00 7.806719204473722584e+00
1.313573573573573627e+00 7.886055732854551081e+00
1.316066066066066131e+00 7.966590620508492648e+00
1.318558558558558635e+00 8.048331999210814658e+00
1.321051051051051139e+00 8.131288051140835194e+00
1.323543543543543644e+00 8.215467009040851920e+00
1.326036036036036148e+00 8.300877156375673138e+00
1.328528528528528652e+00 8.387526827492742143e+00
1.331021021021021156e+00 8.475424407782872649e+00
1.333513513513513660e+00 8.564578333841598834e+00
1.336006006006006164e+00 8.654997093631100924e+00
1.338498498498498668e+00 8.746689226642729409e+00
1.340990990990991172e+00 8.839663324060127891e+00
1.343483483483483676e+00 8.933928028922933251e+00
1.345975975975976180e+00 9.029492036291069113e+00
1.348468468468468684e+00 9.126364093409598865e+00
1.350960960960961188e+00 9.224552999874195081e+00
1.353453453453453692e+00 9.324067607797127621e+00
1.355945945945946196e+00 9.424916821973875258e+00
1.358438438438438700e+00 9.527109600050287952e+00
1.360930930930930982e+00 9.630654952690296255e+00
1.363423423423423486e+00 9.735561943744224678e+00
1.365915915915915990e+00 9.841839690417607756e+00
1.368408408408408494e+00 9.949497363440617193e+00
1.370900900900900998e+00 1.005854418723801302e+01
1.373393393393393502e+00 1.016898944009966677e+01
1.375885885885886006e+00 1.028084245435160504e+01
1.378378378378378510e+00 1.039411261652763940e+01
1.380870870870871014e+00 1.050880936754150419e+01
1.383363363363363518e+00 1.062494220285955571e+01
1.385855855855856023e+00 1.074252067267399724e+01
1.388348348348348527e+00 1.086155438207666890e+01
1.390840840840841031e+00 1.098205299123332246e+01
1.393333333333333535e+00 1.110402621555849834e+01
1.395825825825826039e+00 1.122748382589085381e+01
1.398318318318318543e+00 1.135243564866907562e+01
1.400810810810811047e+00 1.147889156610830241e+01
1.403303303303303551e+00 1.160686151637704633e+01
1.405795795795796055e+00 1.173635549377468124e+01
1.408288288288288559e+00 1.186738354890940883e+01
1.410780780780780841e+00 1.199995578887674341e+01
1.413273273273273345e+00 1.213408237743858287e+01
1.415765765765765849e+00 1.226977353520264025e+01
1.418258258258258353e+00 1.240703953980255392e+01
1.420750750750750857e+00 1.254589072607839029e+01
1.423243243243243361e+00 1.268633748625770608e+01
1.425735735735735865e+00 1.282839027013710798e+01
1.428228228228228369e+00 1.297205958526429015e+01
1.430720720720720873e+00 1.311735599712060107e+01
1.433213213213213377e+00 1.326429012930409357e+01
1.435705705705705881e+00 1.341287266371308107e+01
1.438198198198198385e+00 1.356311434073016642e+01
1.440690690690690889e+00 1.371502595940679647e+01
1.443183183183183393e+00 1.386861837764828920e+01
1.445675675675675897e+00 1.402390251239934216e+01
1.448168168168168402e+00 1.418088933983005795e+01
1.450660660660660906e+00 1.433958989552241192e+01
1.453153153153153410e+00 1.450001527465724394e+01
1.455645645645645914e+00 1.466217663220172440e+01
1.458138138138138196e+00 1.482608518309725909e+01
1.460630630630630700e+00 1.499175220244799434e+01
1.463123123123123204e+00 1.515918902570960825e+01
1.465615615615615708e+00 1.532840704887873784e+01
1.468108108108108212e+00 1.549941772868284318e+01
1.470600600600600716e+00 1.567223258277049958e+01
1.473093093093093220e+00 1.584686318990220677e+01
1.475585585585585724e+00 1.602332119014164746e+01
1.478078078078078228e+00 1.620161828504742374e+01
1.480570570570570732e+00 1.638176623786525710e+01
1.483063063063063236e+00 1.656377687372065921e+01
1.485555555555555740e+00 1.674766207981205213e+01
1.488048048048048244e+00 1.693343380560436628e+01
1.490540540540540748e+00 1.712110406302311105e+01
1.493033033033033252e+00 1.731068492664886449e+01
1.495525525525525756e+00 1.750218853391226759e+01
1.498018018018018260e+00 1.769562708528946615e+01
1.500510510510510764e+00 1.789101284449796481e+01
1.503003003003003268e+00 1.808835813869301745e+01
1.505495495495495772e+00 1.828767535866438720e+01
1.507987987987988054e+00 1.848897695903361793e+01
1.510480480480480558e+00 1.869227545845176763e+01
1.512972972972973063e+00 1.889758343979748645e+01
1.515465465465465567e+00 1.910491355037567374e+01
1.517957957957958071e+00 1.931427850211653663e+01
1.520450450450450575e+00 1.952569107177503582e+01
1.522942942942943079e+00 1.973916410113090691e+01
1.525435435435435583e+00 1.995471049718896239e+01
1.527927927927928087e+00 2.017234323237997984e+01
1.530420420420420591e+00 2.039207534476197736e+01
1.532912912912913095e+00 2.061391993822186919e+01
1.535405405405405599e+00 2.083789018267770032e+01
1.537897897897898103e+00 2.106399931428118322e+01
1.540390390390390607e+00 2.129226063562075311e+01
1.542882882882883111e+00 2.152268751592503904e+01
1.545375375375375615e+00 2.175529339126675410e+01
1.547867867867868119e+00 2.199009176476704042e+01
1.550360360360360623e+00 2.222709620680025822e+01
1.552852852852853127e+00 2.246632035519917991e+01
1.555345345345345631e+00 2.270777791546062474e+01
1.557837837837837913e+00 2.295148266095151612e+01
1.560330330330330417e+00 2.319744843311546845e+01
1.562822822822822921e+00 2.344568914167959406e+01
1.565315315315315425e+00 2.369621876486192491e+01
1.567807807807807929e+00 2.394905134957918946e+01
1.570300300300300433e+00 2.420420101165504079e+01
1.572792792792792937e+00 2.446168193602866836e+01
1.575285285285285442e+00 2.472150837696388237e+01
1.577777777777777946e+00 2.498369465825857105e+01
1.580270270270270450e+00 2.524825517345465897e+01
1.582762762762762954e+00 2.551520438604837082e+01
1.585255255255255458e+00 2.578455682970106366e+01
1.587747747747747962e+00 2.605632710845033273e+01
1.590240240240240466e+00 2.633052989692165013e+01
1.592732732732732970e+00 2.660717994054035174e+01
1.595225225225225474e+00 2.688629205574407521e+01
1.597717717717717978e+00 2.716788113019561024e+01
1.600210210210210482e+00 2.745196212299617500e+01
1.602702702702702986e+00 2.773855006489906927e+01
1.605195195195195490e+00 2.802766005852380715e+01
1.607687687687687772e+00 2.831930727857057661e+01
1.610180180180180276e+00 2.861350697203524973e+01
1.612672672672672780e+00 2.891027445842463450e+01
1.615165165165165284e+00 2.920962512997223826e+01
1.617657657657657788e+00 2.951157445185448225e+01
1.620150150150150292e+00 2.981613796240720404e+01
1.622642642642642796e+00 3.012333127334272476e+01
1.625135135135135300e+00 3.043317006996713303e+01
1.627627627627627804e+00 3.074567011139818362e+01
1.630120120120120308e+00 3.106084723078346244e+01
1.632612612612612812e+00 3.137871733551899922e+01
1.635105105105105316e+00 3.169929640746830302e+01
1.637597597597597820e+00 3.202260050318180618e+01
1.640090090090090325e+00 3.234864575411667431e+01
1.642582582582582829e+00 3.267744836685703547e+01
1.645075075075075333e+00 3.300902462333465337e+01
1.647567567567567837e+00 3.334339088105002702e+01
1.650060060060060341e+00 3.368056357329371053e+01
1.652552552552552845e+00 3.402055920936825828e+01
1.655045045045045127e+00 3.436339437481048975e+01
1.657537537537537631e+00 3.470908573161415234e+01
1.660030030030030135e+00 3.505765001845289675e+01
1.662522522522522639e+00 3.540910405090382085e+01
1.665015015015015143e+00 3.576346472167127644e+01
1.667507507507507647e+00 3.612074900081120887e+01
1.670000000000000151e+00 3.648097393595570281e+01
1.672492492492492655e+00 3.684415665253812477e+01
1.674984984984985159e+00 3.721031435401853571e+01
1.677477477477477663e+00 3.757946432210956544e+01
1.679969969969970167e+00 3.795162391700263527e+01
1.682462462462462671e+00 3.832681057759462107e+01
1.684954954954955175e+00 3.870504182171488594e+01
1.687447447447447679e+00 3.908633524635268941e+01
1.689939939939940183e+00 3.947070852788507977e+01
1.692432432432432687e+00 3.985817942230504940e+01
1.694924924924925191e+00 4.024876576545017315e+01
1.697417417417417695e+00 4.064248547323164473e+01
1.699909909909910199e+00 4.103935654186363280e+01
1.702402402402402704e+00 4.143939704809312730e+01
1.704894894894894986e+00 4.184262514943004874e+01
1.707387387387387490e+00 4.224905908437797564e+01
1.709879879879879994e+00 4.265871717266490748e+01
1.712372372372372498e+00 4.307161781547479507e+01
1.714864864864865002e+00 4.348777949567914902e+01
1.717357357357357506e+00 4.390722077806935886e+01
1.719849849849850010e+00 4.432996030958904043e+01
1.722342342342342514e+00 4.475601681956705136e+01
1.724834834834835018e+00 4.518540911995073373e+01
1.727327327327327522e+00 4.561815610553972533e+01
1.729819819819820026e+00 4.605427675421985612e+01
1.732312312312312530e+00 4.649379012719780491e+01
1.734804804804805034e+00 4.693671536923582011e+01
1.737297297297297538e+00 4.738307170888701592e+01
1.739789789789790042e+00 4.783287845873099542e+01
1.742282282282282546e+00 4.828615501560984313e+01
1.744774774774775050e+00 4.874292086086454390e+01
1.747267267267267554e+00 4.920319556057173571e+01
1.749759759759760058e+00 4.966699876578091732e+01
1.752252252252252562e+00 5.013435021275195425e+01
1.754744744744744844e+00 5.060526972319301819e+01
1.757237237237237348e+00 5.107977720449900971e+01
1.759729729729729852e+00 5.155789264999005894e+01
1.762222222222222356e+00 5.203963613915072983e+01
1.764714714714714860e+00 5.252502783786952278e+01
1.767207207207207365e+00 5.301408799867863308e+01
1.769699699699699869e+00 5.350683696099419251e+01
1.772192192192192373e+00 5.400329515135695857e+01
1.774684684684684877e+00 5.450348308367320271e+01
1.777177177177177381e+00 5.500742135945611722e+01
1.779669669669669885e+00 5.551513066806760577e+01
1.782162162162162389e+00 5.602663178696035118e+01
1.784654654654654893e+00 5.654194558192038045e+01
1.787147147147147397e+00 5.706109300730990697e+01
1.789639639639639901e+00 5.758409510631064165e+01
1.792132132132132405e+00 5.811097301116738834e+01
1.794624624624624909e+00 5.864174794343215780e+01
1.797117117117117413e+00 5.917644121420843817e+01
1.799609609609609917e+00 5.971507422439613322e+01
1.802102102102102199e+00 6.025766846493652906e+01
1.804594594594594703e+00 6.080424551705811353e+01
1.807087087087087207e+00 6.135482705252216817e+01
1.809579579579579711e+00 6.190943483386928392e+01
1.812072072072072215e+00 6.246809071466589103e+01
1.814564564564564719e+00 6.303081663975139293e+01
1.817057057057057223e+00 6.359763464548557010e+01
1.819549549549549727e+00 6.416856685999633214e+01
1.822042042042042231e+00 6.474363550342789608e+01
1.824534534534534735e+00 6.532286288818934850e+01
1.827027027027027239e+00 6.590627141920357701e+01
1.829519519519519744e+00 6.649388359415654293e+01
1.832012012012012248e+00 6.708572200374689487e+01
1.834504504504504752e+00 6.768180933193613669e+01
1.836996996996997256e+00 6.828216835619890901e+01
1.839489489489489760e+00 6.888682194777386769e+01
1.841981981981982264e+00 6.949579307191477540e+01
1.844474474474474768e+00 7.010910478814209057e+01
1.846966966966967272e+00 7.072678025049489747e+01
1.849459459459459776e+00 7.134884270778309201e+01
1.851951951951952058e+00 7.197531550383997967e+01
1.854444444444444562e+00 7.260622207777571191e+01
1.856936936936937066e+00 7.324158596423005463e+01
1.859429429429429570e+00 7.388143079362663457e+01
1.861921921921922074e+00 7.452578029242681623e+01
1.864414414414414578e+00 7.517465828338437461e+01
1.866906906906907082e+00 7.582808868580032424e+01
1.869399399399399586e+00 7.648609551577808929e+01
1.871891891891892090e+00 7.714870288647922791e+01
1.874384384384384594e+00 7.781593500837935551e+01
1.876876876876877098e+00 7.848781618952455119e+01
1.879369369369369602e+00 7.916437083578806266e+01
1.881861861861862106e+00 7.984562345112743742e+01
1.884354354354354610e+00 8.053159863784190975e+01
1.886846846846847114e+00 8.122232109683029933e+01
1.889339339339339618e+00 8.191781562784933612e+01
1.891831831831832123e+00 8.261810712977195692e+01
1.894324324324324627e+00 8.332322060084648285e+01
1.896816816816817131e+00 8.403318113895588226e+01
1.899309309309309635e+00 8.474801394187734616e+01
1.901801801801801917e+00 8.546774430754246055e+01
1.904294294294294421e+00 8.619239763429770562e+01
1.906786786786786925e+00 8.692199942116491229e+01
1.909279279279279429e+00 8.765657526810275613e+01
1.911771771771771933e+00 8.839615087626803813e+01
1.914264264264264437e+00 8.914075204827777554e+01
1.916756756756756941e+00 8.989040468847127840e+01
1.919249249249249445e+00 9.064513480317287986e+01
1.921741741741741949e+00 9.140496850095486536e+01
1.924234234234234453e+00 9.216993199290081407e+01
1.926726726726726957e+00 9.294005159286943751e+01
1.929219219219219461e+00 9.371535371775847523e+01
1.931711711711711965e+00 9.449586488776931503e+01
1.934204204204204469e+00 9.528161172667168444e+01
1.936696696696696973e+00 9.607262096206895308e+01
1.939189189189189477e+00 9.686891942566352043e+01
1.941681681681681981e+00 9.767053405352288564e+01
1.944174174174174485e+00 9.847749188634587370e+01
1.946666666666666989e+00 9.928982006972920260e+01
1.949159159159159271e+00 1.001075458544344912e+02
1.951651651651651775e+00 1.009306965966559630e+02
1.954144144144144279e+00 1.017592997582875967e+02
1.956636636636636783e+00 1.025933829071916819e+02
1.959129129129129288e+00 1.034329737174671209e+02
1.961621621621621792e+00 1.042780999697181983e+02
1.964114114114114296e+00 1.051287895513240045e+02
1.966606606606606800e+00 1.059850704567076747e+02
1.969099099099099304e+00 1.068469707876065229e+02
1.971591591591591808e+00 1.077145187533422757e+02
1.974084084084084312e+00 1.085877426710916893e+02
1.976576576576576816e+00 1.094666709661575936e+02
1.979069069069069320e+00 1.103513321722402338e+02
1.981561561561561824e+00 1.112417549317089538e+02
1.984054054054054328e+00 1.121379679958744759e+02
1.986546546546546832e+00 1.130400002252611102e+02
1.989039039039039336e+00 1.139478805898797589e+02
1.991531531531531840e+00 1.148616381695010489e+02
1.994024024024024344e+00 1.157813021539288201e+02
1.996516516516516848e+00 1.167069018432741672e+02
1.999009009009009130e+00 1.176384666482294250e+02
2.001501501501501412e+00 1.185760260903432197e+02
2.003993993993994138e+00 1.195196098022953777e+02
2.006486486486486420e+00 1.204692475281715076e+02
2.008978978978979146e+00 1.214249691237401407e+02
2.011471471471471428e+00 1.223868045567272134e+02
2.013963963963964154e+00 1.233547839070940597e+02
2.016456456456456436e+00 1.243289373673128040e+02
2.018948948948949162e+00 1.253092952426447795e+02
2.021441441441441444e+00 1.262958879514167734e+02
2.023933933933933726e+00 1.272887460253000853e+02
2.026426426426426453e+00 1.282879001095882074e+02
2.028918918918918735e+00 1.292933809634750162e+02
2.031411411411411461e+00 1.303052194603348823e+02
2.033903903903903743e+00 1.313234465880005644e+02
2.036396396396396469e+00 1.323480934490442849e+02
2.038888888888888751e+00 1.333791912610564907e+02
2.041381381381381477e+00 1.344167713569274554e+02
2.043873873873873759e+00 1.354608651851269201e+02
2.046366366366366485e+00 1.365115043099862646e+02
2.048858858858858767e+00 1.375687204119788589e+02
2.051351351351351493e+00 1.386325452880033140e+02
2.053843843843843775e+00 1.397030108516639757e+02
2.056336336336336501e+00 1.407801491335551702e+02
2.058828828828828783e+00 1.418639922815427497e+02
2.061321321321321509e+00 1.429545725610484794e+02
2.063813813813813791e+00 1.440519223553324935e+02
2.066306306306306517e+00 1.451560741657787332e+02
2.068798798798798799e+00 1.462670606121776586e+02
2.071291291291291525e+00 1.473849144330125966e+02
2.073783783783783807e+00 1.485096684857432479e+02
2.076276276276276089e+00 1.496413557470925184e+02
2.078768768768768815e+00 1.507800093133315897e+02
2.081261261261261097e+00 1.519256624005656136e+02
2.083753753753753823e+00 1.530783483450214248e+02
2.086246246246246105e+00 1.542381006033330664e+02
2.088738738738738832e+00 1.554049527528302690e+02
2.091231231231231114e+00 1.565789384918248288e+02
2.093723723723723840e+00 1.577600916398997697e+02
2.096216216216216122e+00 1.589484461381961466e+02
2.098708708708708848e+00 1.601440360497034590e+02
2.101201201201201130e+00 1.613468955595469083e+02
2.103693693693693856e+00 1.625570589752782666e+02
2.106186186186186138e+00 1.637745607271642143e+02
2.108678678678678864e+00 1.649994353684779469e+02
2.111171171171171146e+00 1.662317175757877692e+02
2.113663663663663872e+00 1.674714421492498957e+02
2.116156156156156154e+00 1.687186440128976983e+02
2.118648648648648880e+00 1.699733582149349331e+02
2.121141141141141162e+00 1.712356199280258977e+02
2.123633633633633444e+00 1.725054644495891694e+02
2.126126126126126170e+00 1.737829272020896383e+02
2.128618618618618452e+00 1.750680437333305406e+02
2.131111111111111178e+00 1.763608497167484757e+02
2.133603603603603460e+00 1.776613809517052402e+02
2.136096096096096186e+00 1.789696733637834996e+02
2.138588588588588468e+00 1.802857630050795308e+02
2.141081081081081194e+00 1.816096860544996048e+02
2.143573573573573476e+00 1.829414788180532980e+02
2.146066066066066202e+00 1.842811777291507553e+02
2.148558558558558484e+00 1.856288193488965419e+02
2.151051051051051211e+00 1.869844403663877301e+02
2.153543543543543493e+00 1.883480775990084624e+02
2.156036036036036219e+00 1.897197679927287197e+02
2.158528528528528501e+00 1.910995486223996238e+02
2.161021021021021227e+00 1.924874566920528309e+02
2.163513513513513509e+00 1.938835295351966579e+02
2.166006006006006235e+00 1.952878046151161868e+02
2.168498498498498517e+00 1.967003195251699594e+02
2.170990990990990799e+00 1.981211119890905650e+02
2.173483483483483525e+00 1.995502198612835514e+02
2.175975975975975807e+00 2.009876811271260806e+02
2.178468468468468533e+00 2.024335339032687386e+02
2.180960960960960815e+00 2.038878164379340205e+02
2.183453453453453541e+00 2.053505671112191067e+02
2.185945945945945823e+00 2.068218244353949729e+02
2.188438438438438549e+00 2.083016270552097069e+02
2.190930930930930831e+00 2.097900137481884428e+02
2.193423423423423557e+00 2.112870234249375301e+02
2.195915915915915839e+00 2.127926951294451214e+02
2.198408408408408565e+00 2.143070680393859107e+02
2.200900900900900847e+00 2.158301814664224310e+02
2.203393393393393573e+00 2.173620748565107306e+02
2.205885885885885855e+00 2.189027877902021828e+02
2.208378378378378581e+00 2.204523599829498721e+02
2.210870870870870863e+00 2.220108312854111432e+02
2.213363363363363590e+00 2.235782416837549533e+02
2.215855855855855872e+00 2.251546312999645352e+02
2.218348348348348598e+00 2.267400403921459713e+02
2.220840840840840880e+00 2.283345093548315390e+02
2.223333333333333162e+00 2.299380787192883702e+02
2.225825825825825888e+00 2.315507891538242120e+02
2.228318318318318170e+00 2.331726814640938699e+02
2.230810810810810896e+00 2.348037965934085491e+02
2.233303303303303178e+00 2.364441756230414740e+02
2.235795795795795904e+00 2.380938597725383374e+02
2.238288288288288186e+00 2.397528904000236025e+02
2.240780780780780912e+00 2.414213090025116344e+02
2.243273273273273194e+00 2.430991572162137686e+02
2.245765765765765920e+00 2.447864768168500973e+02
2.248258258258258202e+00 2.464833097199569636e+02
2.250750750750750928e+00 2.481896979812001689e+02
2.253243243243243210e+00 2.499056837966825810e+02
2.255735735735735936e+00 2.516313095032581657e+02
2.258228228228228218e+00 2.533666175788403052e+02
2.260720720720720944e+00 2.551116506427166541e+02
2.263213213213213226e+00 2.568664514558581118e+02
2.265705705705705952e+00 2.586310629212343315e+02
2.268198198198198234e+00 2.604055280841234321e+02
2.270690690690690516e+00 2.621898901324276494e+02
2.273183183183183242e+00 2.639841923969860318e+02
2.275675675675675524e+00 2.657884783518869654e+02
2.278168168168168251e+00 2.676027916147847918e+02
2.280660660660660533e+00 2.694271759472119356e+02
2.283153153153153259e+00 2.712616752548958630e+02
2.285645645645645541e+00 2.731063335880724594e+02
2.288138138138138267e+00 2.749611951418037279e+02
2.290630630630630549e+00 2.768263042562912801e+02
2.293123123123123275e+00 2.787017054171953419e+02
2.295615615615615557e+00 2.805874432559485285e+02
2.298108108108108283e+00 2.824835625500759306e+02
2.300600600600600565e+00 2.843901082235095714e+02
2.303093093093093291e+00 2.863071253469086059e+02
2.305585585585585573e+00 2.882346591379750294e+02
2.308078078078078299e+00 2.901727549617747286e+02
2.310570570570570581e+00 2.921214583310535886e+02
2.313063063063063307e+00 2.940808149065589419e+02
2.315555555555555589e+00 2.960508704973569820e+02
2.318048048048047871e+00 2.980316710611543840e+02
2.320540540540540597e+00 3.000232627046178777e+02
2.323033033033032879e+00 3.020256916836935375e+02
2.325525525525525605e+00 3.040390044039302779e+02
2.328018018018017887e+00 3.060632474207979499e+02
2.330510510510510613e+00 3.080984674400119729e+02
2.333003003003002895e+00 3.101447113178527957e+02
2.335495495495495621e+00 3.122020260614901872e+02
2.337987987987987903e+00 3.142704588293040047e+02
2.340480480480480630e+00 3.163500569312093376e+02
2.342972972972972912e+00 3.184408678289769341e+02
2.345465465465465638e+00 3.205429391365607898e+02
2.347957957957957920e+00 3.226563186204180056e+02
2.350450450450450646e+00 3.247810541998368876e+02
2.352942942942942928e+00 3.269171939472585109e+02
2.355435435435435654e+00 3.290647860886051603e+02
2.357927927927927936e+00 3.312238790036018372e+02
2.360420420420420662e+00 3.333945212261064626e+02
2.362912912912912944e+00 3.355767614444317815e+02
2.365405405405405670e+00 3.377706485016756233e+02
2.367897897897897952e+00 3.399762313960445113e+02
2.370390390390390234e+00 3.421935592811834681e+02
2.372882882882882960e+00 3.444226814665026382e+02
2.375375375375375242e+00 3.466636474175038529e+02
2.377867867867867968e+00 3.489165067561115166e+02
2.380360360360360250e+00 3.511813092609987166e+02
2.382852852852852976e+00 3.534581048679183937e+02
2.385345345345345258e+00 3.557469436700303049e+02
2.387837837837837984e+00 3.580478759182335011e+02
2.390330330330330266e+00 3.603609520214931763e+02
2.392822822822822992e+00 3.626862225471742818e+02
2.395315315315315274e+00 3.650237382213692285e+02
2.397807807807808000e+00 3.673735499292318991e+02
2.400300300300300282e+00 3.697357087153056909e+02
2.402792792792793009e+00 3.721102657838592904e+02
2.405285285285285291e+00 3.744972724992146027e+02
2.407777777777778017e+00 3.768967803860832078e+02
2.410270270270270299e+00 3.793088411298956544e+02
2.412762762762763025e+00 3.817335065771377458e+02
2.415255255255255307e+00 3.841708287356809137e+02
2.417747747747747589e+00 3.866208597751193565e+02
2.420240240240240315e+00 3.890836520271025165e+02
2.422732732732732597e+00 3.915592579856684097e+02
2.425225225225225323e+00 3.940477303075819009e+02
2.427717717717717605e+00 3.965491218126663284e+02
2.430210210210210331e+00 3.990634854841425749e+02
2.432702702702702613e+00 4.015908744689614878e+02
2.435195195195195339e+00 4.041313420781440868e+02
2.437687687687687621e+00 4.066849417871143828e+02
2.440180180180180347e+00 4.092517272360398692e+02
2.442672672672672629e+00 4.118317522301659892e+02
2.445165165165165355e+00 4.144250707401562863e+02
2.447657657657657637e+00 4.170317369024281788e+02
2.450150150150150363e+00 4.196518050194943044e+02
2.452642642642642645e+00 4.222853295602974981e+02
2.455135135135135371e+00 4.249323651605541841e+02
2.457627627627627653e+00 4.275929666230896373e+02
2.460120120120120379e+00 4.302671889181820006e+02
2.462612612612612661e+00 4.329550871838982289e+02
2.465105105105104943e+00 4.356567167264383329e+02
2.467597597597597670e+00 4.383721330204747915e+02
2.470090090090089952e+00 4.411013917094917929e+02
2.472582582582582678e+00 4.438445486061312408e+02
2.475075075075074960e+00 4.466016596925296085e+02
2.477567567567567686e+00 4.493727811206653087e+02
2.480060060060059968e+00 4.521579692126964005e+02
2.482552552552552694e+00 4.549572804613080166e+02
2.485045045045044976e+00 4.577707715300517179e+02
2.487537537537537702e+00 4.605984992536932054e+02
2.490030030030029984e+00 4.634405206385520160e+02
2.492522522522522710e+00 4.662968928628501430e+02
2.495015015015014992e+00 4.691676732770529838e+02
2.497507507507507718e+00 4.720529194042180166e+02
2.500000000000000000e+00 4.749526889403363725e+02
